2 0.0787868 0.501983 0.157354 0.1483
2 0.780023 0.458558 0.168164 0.144776
2 0.447082 0.274136 0.136075 0.092167
2 0.209495 0.247653 0.0989429 0.0594633
2 0.657463 0.204972 0.101154 0.0566255
2 0.277219 0.166135 0.0556444 0.0390912
2 0.47102 0.190308 0.0959694 0.0503956
2 0.492989 0.125995 0.0627008 0.0334462
2 0.146198 0.181213 0.0330363 0.0399577
2 0.180305 0.152679 0.0358826 0.0356512
2 0.681455 0.137585 0.0466489 0.0341252
2 0.746343 0.118259 0.0246122 0.0202376
2 0.535309 0.0644314 0.0477479 0.0307856
2 0.76536 0.128195 0.0334635 0.0251359
2 0.61469 0.114313 0.0452455 0.0265937
2 0.125216 0.157944 0.0277133 0.0398508
2 0.0477047 0.18758 0.0189908 0.0154212
2 0.860338 0.148591 0.0194855 0.0188521
2 0.466815 0.05493 0.0287659 0.0153117
2 0.11479 0.144163 0.025865 0.0283321
2 0.401865 0.0600623 0.0310369 0.0178118
2 0.758669 0.442646 0.166859 0.141404
2 0.0787411 0.502145 0.157316 0.148452
2 0.434249 0.270011 0.133158 0.0907214
2 0.483699 0.19144 0.0961012 0.0505929
2 0.196058 0.249578 0.098187 0.0606092
2 0.667754 0.205154 0.099414 0.0564509
2 0.28289 0.167238 0.0590164 0.0393002
2 0.180317 0.152687 0.0358779 0.0355762
2 0.492955 0.126013 0.0626202 0.0334477
2 0.146097 0.181321 0.0332065 0.0400776
2 0.67895 0.137617 0.0466129 0.0342368
2 0.612336 0.114696 0.0469588 0.0264615
2 0.761611 0.127796 0.0361707 0.0254272
2 0.744114 0.118095 0.0250004 0.0199121
2 0.535295 0.0644275 0.0477366 0.0307932
2 0.12518 0.158016 0.0276724 0.0397797
2 0.0477552 0.187588 0.0188794 0.0154252
2 0.858898 0.148242 0.0207371 0.0195588
2 0.466828 0.0549535 0.0287819 0.0152928
2 0.114772 0.144173 0.0258682 0.0283477
2 0.401925 0.0600534 0.0311753 0.0179365
2 0.0787681 0.502005 0.157341 0.14834
2 0.737369 0.428142 0.166595 0.138652
2 0.421351 0.266034 0.131566 0.089304
2 0.49731 0.193208 0.0976034 0.0499925
2 0.677355 0.204938 0.0963388 0.0564453
2 0.18303 0.252189 0.0971558 0.0622735
2 0.290053 0.168228 0.0609166 0.0410172
2 0.180308 0.152712 0.035867 0.0355296
2 0.146077 0.181365 0.0332174 0.040107
2 0.492967 0.126054 0.0626692 0.0333761
2 0.675698 0.137942 0.0481773 0.033773
2 0.610021 0.11485 0.0465101 0.0264246
2 0.758931 0.127455 0.0357441 0.0259917
2 0.7415 0.117851 0.024697 0.0204812
2 0.535285 0.0644226 0.0477369 0.030764
2 0.125199 0.158006 0.0276411 0.0397578
2 0.0477576 0.187584 0.0189066 0.015435
7 0.858511 0.148385 0.0183281 0.0195876
2 0.46682 0.0549415 0.0287758 0.015341
2 0.114802 0.144173 0.0259124 0.0283394
2 0.401764 0.0601457 0.0306494 0.0177399
2 0.0787665 0.502017 0.157332 0.148375
2 0.717182 0.413469 0.164325 0.13426
2 0.408767 0.262373 0.129742 0.0872657
2 0.510433 0.194402 0.0975025 0.0500485
2 0.68689 0.205236 0.0941132 0.0554267
2 0.167665 0.255306 0.0992815 0.0626315
2 0.297392 0.169368 0.0628819 0.0416939
2 0.180321 0.152717 0.0358599 0.035496
2 0.492942 0.126072 0.0626127 0.0333689
2 0.146075 0.18136 0.0332074 0.0400453
2 0.673849 0.138127 0.0479665 0.0342164
2 0.755473 0.127216 0.0372469 0.0258027
2 0.5353 0.0644479 0.0477102 0.0307976
2 0.738843 0.116966 0.0243244 0.0188601
2 0.607907 0.115224 0.0464903 0.0259451
2 0.125039 0.15812 0.0274354 0.0395474
2 0.0477449 0.187578 0.0189579 0.0153859
2 0.466813 0.0549426 0.0287767 0.0153336
7 0.857037 0.14837 0.0185387 0.0193864
2 0.114751 0.144157 0.0258399 0.0283228
2 0.401705 0.0601531 0.0305376 0.0176822
2 0.0787606 0.502001 0.157372 0.148418
2 0.697112 0.399315 0.162722 0.13028
2 0.396542 0.259135 0.127345 0.0861722
2 0.695689 0.205018 0.0909176 0.0554153
2 0.304715 0.170423 0.0655033 0.0427096
2 0.523535 0.196155 0.0969921 0.0495054
2 0.155979 0.258514 0.0946379 0.0635955
2 0.180297 0.152625 0.0358559 0.0354944
2 0.492967 0.126038 0.0626766 0.0333653
2 0.146057 0.181317 0.0332886 0.0400927
2 0.671318 0.138354 0.0475747 0.0346986
2 0.605282 0.114873 0.0466248 0.026903
2 0.754033 0.127047 0.0352329 0.0262586
2 0.736649 0.116577 0.0232334 0.0188828
2 0.535259 0.0643832 0.0476316 0.0306948
2 0.125105 0.158038 0.0274888 0.0397659
2 0.0477603 0.187597 0.0189007 0.0153913
2 0.466806 0.0549309 0.028791 0.0153283
2 0.114756 0.144208 0.0258536 0.0284265
2 0.828927 0.131627 0.018292 0.0160759
2 0.678418 0.386834 0.159746 0.124673
2 0.0787511 0.502022 0.157361 0.148411
2 0.384508 0.256715 0.124784 0.0841193
2 0.142305 0.261978 0.0926494 0.0638116
2 0.53638 0.197517 0.0976601 0.0507714
2 0.313125 0.171417 0.0684216 0.043438
2 0.704668 0.20478 0.0884735 0.0551575
2 0.180308 0.152603 0.0358539 0.0354533
2 0.146084 0.18133 0.0332324 0.040122
2 0.492986 0.126049 0.0626621 0.0333733
2 0.668948 0.138387 0.0483968 0.0348031
2 0.734162 0.116269 0.0240078 0.0184303
2 0.751409 0.126737 0.0353591 0.0258556
2 0.98868 0.615031 0.0221897 0.08823
2 0.602724 0.11514 0.0469414 0.0260021
2 0.535253 0.0643471 0.0476244 0.0307457
2 0.125138 0.158154 0.0276275 0.0395632
2 0.0476671 0.187531 0.0190799 0.015307
2 0.466806 0.0549256 0.028796 0.0153284
2 0.114705 0.144201 0.0257866 0.028349
2 0.827897 0.131376 0.0185022 0.0154601
2 0.401895 0.0601742 0.0309072 0.0177902
2 0.0787501 0.502022 0.157357 0.148451
2 0.660141 0.374219 0.157721 0.119125
2 0.372409 0.253791 0.123228 0.0836779
2 0.549286 0.197878 0.0981583 0.0510426
2 0.128862 0.266158 0.0920022 0.067449
2 0.321786 0.173004 0.0702476 0.0440056
2 0.71263 0.205127 0.0842488 0.0530486
2 0.180304 0.152586 0.0358193 0.035444
2 0.146053 0.181278 0.0332929 0.0400012
2 0.492994 0.126048 0.0626308 0.0334705
2 0.666047 0.138433 0.0491164 0.0351769
2 0.747972 0.126775 0.0361768 0.026183
2 0.731724 0.115807 0.0239031 0.0175066
2 0.535263 0.0643499 0.047609 0.0307461
2 0.125207 0.15811 0.027656 0.0397053
2 0.0477313 0.187551 0.0189622 0.0153536
2 0.606136 0.116499 0.0365545 0.0232652
2 0.114688 0.144144 0.0254557 0.028141
2 0.466797 0.0549283 0.0288067 0.0153162
2 0.825745 0.130096 0.0181545 0.0149887
2 0.401885 0.0601571 0.0308874 0.0177814
2 0.078719 0.502172 0.157325 0.148594
2 0.641845 0.36361 0.157156 0.114305
2 0.360321 0.251748 0.121694 0.0820931
2 0.114372 0.269913 0.0917138 0.0704893
2 0.561435 0.198995 0.096814 0.0512876
2 0.33062 0.17389 0.0734459 0.0464551
2 0.180305 0.152628 0.0358238 0.0354685
2 0.720759 0.204865 0.0812685 0.0530708
2 0.492977 0.126038 0.0625893 0.0335243
2 0.146107 0.181332 0.0331746 0.0399546
2 0.662897 0.138413 0.0502383 0.035638
2 0.598168 0.115115 0.0480444 0.0266987
2 0.745373 0.1262 0.0369546 0.0271289
2 0.72927 0.115749 0.0247616 0.0181499
2 0.535257 0.0643695 0.0476091 0.0307673
2 0.125169 0.158148 0.0274448 0.0395764
2 0.0477401 0.187577 0.0189352 0.0153877
2 0.852048 0.147276 0.0186787 0.0194745
2 0.114692 0.144202 0.0255347 0.0282468
2 0.87871 0.143275 0.00821533 0.00763194
2 0.466811 0.0549242 0.028833 0.0152674
2 0.401799 0.0601357 0.0307632 0.017686
2 0.0787156 0.502161 0.157316 0.148581
2 0.625235 0.352464 0.152631 0.109896
2 0.348604 0.249275 0.120121 0.0802837
2 0.573856 0.200413 0.0972004 0.0506696
2 0.180344 0.15262 0.0358511 0.0354965
2 0.146147 0.181342 0.0331181 0.0399822
2 0.340424 0.175109 0.0755753 0.0477828
2 0.493036 0.126107 0.0626623 0.033436
2 0.660708 0.13868 0.0504269 0.035555
2 0.0999881 0.276719 0.091414 0.066162
2 0.5968 0.115291 0.0473079 0.026466
2 0.727425 0.204857 0.0772516 0.052099
2 0.742632 0.126312 0.0375988 0.0271513
2 0.727385 0.114919 0.0252395 0.017354
2 0.125141 0.158161 0.0274011 0.0393497
2 0.535254 0.0643415 0.0476022 0.0308032
2 0.0476553 0.187596 0.0190823 0.0154545
2 0.951183 0.583771 0.0972054 0.132362
2 0.850518 0.147166 0.0193035 0.0188843
2 0.114638 0.144065 0.0254912 0.0279242
2 0.46681 0.0549105 0.0287955 0.0153726
2 0.401671 0.0600332 0.030408 0.0177684
2 0.821282 0.129362 0.0154839 0.0149022
2 0.0787505 0.502022 0.157345 0.148449
2 0.609271 0.343134 0.14853 0.106232
2 0.337642 0.24742 0.118588 0.0788204
2 0.585947 0.200812 0.0969399 0.0498868
2 0.180337 0.152587 0.0358632 0.0356402
2 0.938094 0.575439 0.123275 0.150169
2 0.350745 0.177047 0.0790102 0.0474742
2 0.146128 0.181348 0.0331712 0.0400656
2 0.493037 0.126019 0.0626568 0.0335869
2 0.734134 0.204829 0.0731648 0.051705
2 0.0861058 0.284154 0.0895471 0.0668963
2 0.659037 0.138544 0.0488692 0.0358547
2 0.739473 0.126135 0.037834 0.0274246
2 0.724752 0.114639 0.0248265 0.0171463
2 0.125123 0.158175 0.0273991 0.0393262
2 0.600127 0.116579 0.0380567 0.0239749
2 0.848742 0.147249 0.0192039 0.0189474
2 0.535238 0.0643263 0.0476616 0.0309188
2 0.0476585 0.187597 0.0190904 0.0154112
2 0.821393 0.128905 0.0184742 0.0160341
2 0.114634 0.143842 0.0255437 0.0274764
2 0.466807 0.0548945 0.028817 0.0154024
2 0.4017 0.0600234 0.0304721 0.0178687
2 0.92563 0.55897 0.148023 0.15057
2 0.0788476 0.501995 0.157503 0.148093
2 0.591782 0.333744 0.148058 0.103797
2 0.326101 0.245358 0.116477 0.0790192
2 0.596918 0.201315 0.0958401 0.0506384
2 0.740432 0.204356 0.0692932 0.0510754
2 0.180415 0.152393 0.0356077 0.0356853
2 0.361276 0.178225 0.0812207 0.047554
2 0.146406 0.181172 0.0325149 0.0394959
2 0.493006 0.125845 0.0627518 0.0340222
2 0.0706115 0.288515 0.0895061 0.0696377
2 0.656394 0.138173 0.0497508 0.0370952
2 0.736103 0.125534 0.0388839 0.0272376
2 0.593016 0.11517 0.0490753 0.0281007
2 0.12532 0.157958 0.0281247 0.0395941
2 0.722141 0.113528 0.0260812 0.0158746
2 0.535272 0.0644169 0.047743 0.0310131
2 0.820202 0.129444 0.0199368 0.015993
2 0.0477381 0.187441 0.0180808 0.0153962
2 0.846493 0.146865 0.019301 0.0187135
2 0.114901 0.143802 0.0255149 0.0274974
2 0.40178 0.0598864 0.0308287 0.0177558
2 0.0788457 0.502013 0.157483 0.14816
2 0.905989 0.53942 0.161161 0.145015
2 0.576868 0.324871 0.145023 0.0985686
2 0.314811 0.244039 0.115366 0.0784729
2 0.746301 0.203491 0.0662128 0.0501402
2 0.608381 0.201841 0.0951542 0.051246
2 0.372582 0.180251 0.0843224 0.0484091
2 0.0593269 0.294589 0.0855219 0.072144
2 0.180388 0.152414 0.0355451 0.0356078
2 0.146404 0.181049 0.0325295 0.0394104
2 0.493019 0.125875 0.062871 0.0339005
2 0.653063 0.138637 0.0537388 0.0370438
2 0.733074 0.124636 0.0396503 0.0300972
2 0.59786 0.116848 0.0367536 0.0246943
2 0.125261 0.157947 0.0281344 0.0396928
2 0.818885 0.129011 0.0203243 0.0169223
2 0.535273 0.0644242 0.0477632 0.0311653
2 0.845426 0.14648 0.0189985 0.0204721
2 0.719493 0.113217 0.0261189 0.0157237
2 0.0477786 0.187465 0.0179468 0.0154441
2 0.58247 0.113663 0.0324862 0.0251069
2 0.114945 0.143891 0.0256065 0.0276865
2 0.466669 0.0548185 0.0287627 0.0153829
2 0.401854 0.0599378 0.0309143 0.0177829
2 0.0788695 0.502019 0.157462 0.148287
2 0.876019 0.523514 0.153502 0.148076
2 0.560727 0.31604 0.143019 0.095401
2 0.304183 0.24255 0.114356 0.0770419
2 0.383885 0.181774 0.0865414 0.0499425
2 0.0440545 0.301583 0.0872895 0.0737793
2 0.751979 0.203362 0.0629775 0.0485474
2 0.180439 0.152253 0.0354877 0.0357507
2 0.146304 0.181161 0.0327261 0.0396621
2 0.618969 0.203236 0.0939893 0.0494761
2 0.493028 0.125962 0.0629808 0.0338283
2 0.651211 0.138796 0.0522785 0.0369985
2 0.730435 0.12443 0.0395014 0.0295816
2 0.1253 0.157957 0.0279958 0.039635
2 0.535185 0.0643428 0.0478795 0.0310361
2 0.717014 0.112209 0.0262528 0.0164814
2 0.817033 0.128769 0.0209545 0.0181188
2 0.84354 0.145637 0.0212208 0.0213222
2 0.59549 0.116179 0.0374907 0.025237
2 0.115314 0.144155 0.025905 0.0283962
2 0.0478456 0.187393 0.0176282 0.0153449
2 0.466853 0.0548383 0.0286251 0.0151474
2 0.401884 0.0599712 0.0309677 0.0174451
2 0.856838 0.50481 0.164714 0.147194
2 0.0788743 0.502076 0.157471 0.148124
2 0.293257 0.241269 0.112812 0.0752726
2 0.545766 0.309126 0.141742 0.0910481
2 0.396256 0.183721 0.0896811 0.0494579
2 0.756672 0.202252 0.0609582 0.0487221
2 0.0366995 0.308614 0.073399 0.075582
2 0.629803 0.203972 0.0910641 0.0479597
2 0.180429 0.152237 0.0355005 0.0357777
2 0.146337 0.181192 0.0327 0.0396865
2 0.492993 0.125962 0.062937 0.0337051
2 0.648945 0.138762 0.0522098 0.0379549
2 0.714279 0.11306 0.0277719 0.0162109
2 0.727113 0.124937 0.0399584 0.0288997
2 0.125353 0.157927 0.0280172 0.0397607
2 0.535194 0.0643473 0.0478501 0.0309865
2 0.593819 0.116722 0.0378723 0.025249
2 0.815537 0.128215 0.0204519 0.0179743
2 0.841606 0.146751 0.0221569 0.019172
2 0.115338 0.144139 0.0259101 0.0283728
2 0.401791 0.0599153 0.0307248 0.0175341
2 0.047842 0.18739 0.017616 0.0153349
2 0.466851 0.0548567 0.0286389 0.0151747
2 0.832394 0.486701 0.165242 0.146129
2 0.0789043 0.502093 0.157401 0.148167
2 0.531234 0.302635 0.139147 0.0886842
2 0.281972 0.239884 0.111676 0.0747195
2 0.409016 0.184316 0.0911954 0.0515737
2 0.761285 0.201376 0.0568872 0.0481454
2 0.18042 0.152276 0.0354606 0.0357119
2 0.146376 0.181218 0.0326235 0.0396916
2 0.492948 0.125931 0.0628429 0.0337186
2 0.0296076 0.31315 0.0590392 0.071073
2 0.647389 0.139042 0.0522136 0.037781
2 0.840735 0.14466 0.0233093 0.0230768
2 0.644277 0.20659 0.0814714 0.0439911
2 0.125305 0.158002 0.028 0.039611
2 0.813663 0.127775 0.0210411 0.0185655
2 0.586555 0.116568 0.0486979 0.0262056
2 0.71186 0.11282 0.026531 0.0161906
2 0.535195 0.0643671 0.0478204 0.0310245
2 0.72447 0.124161 0.039687 0.0301718
2 0.115321 0.144152 0.0258894 0.028353
2 0.401788 0.0599266 0.0307619 0.0174937
2 0.0478086 0.187409 0.0176886 0.0153279
2 0.466857 0.054872 0.0286676 0.0151646
2 0.807915 0.46837 0.166468 0.14486
2 0.0788838 0.502071 0.157442 0.148182
2 0.517213 0.295774 0.135884 0.0857715
2 0.271115 0.23926 0.110251 0.0735704
2 0.422216 0.186727 0.0929458 0.0493341
2 0.765617 0.200457 0.0554211 0.0476714
2 0.492943 0.125955 0.0628707 0.0336816
2 0.146315 0.181203 0.0327697 0.0398694
2 0.180414 0.152266 0.0354618 0.0357816
2 0.0221402 0.314805 0.0442313 0.0601627
2 0.655027 0.208622 0.0769522 0.0404229
2 0.644891 0.139054 0.0528208 0.0380726
2 0.72125 0.125407 0.0407309 0.0282262
2 0.839904 0.144331 0.0223747 0.0234414
2 0.125277 0.157993 0.0279954 0.0396266
2 0.590457 0.117262 0.0378538 0.0251985
2 0.709901 0.112532 0.027712 0.0156951
2 0.535203 0.0644034 0.0478531 0.031028
2 0.115326 0.144148 0.0259316 0.0283333
2 0.811389 0.12756 0.0199926 0.0183596
2 0.632721 0.200175 0.0631991 0.0383228
2 0.401773 0.0599478 0.0307522 0.0174993
2 0.576317 0.113551 0.0334534 0.0248851
2 0.0478576 0.187379 0.0176064 0.015268
2 0.466855 0.0548706 0.0286694 0.0151561
2 0.783724 0.450903 0.165425 0.142035
2 0.0788984 0.502065 0.157492 0.148171
2 0.502965 0.289937 0.133178 0.0841728
2 0.260007 0.238631 0.109485 0.0731454
2 0.43564 0.188168 0.0946071 0.0501788
2 0.769938 0.199386 0.0528846 0.0467509
2 0.492955 0.125927 0.0628386 0.0337829
2 0.146384 0.181094 0.0325837 0.0399632
2 0.180403 0.152315 0.0354758 0.0357978
2 0.664643 0.208691 0.0738319 0.0398823
2 0.0151382 0.319132 0.0301117 0.0522142
2 0.642617 0.139334 0.0534145 0.0381506
2 0.125156 0.157993 0.0279111 0.0396147
2 0.589072 0.117167 0.0386175 0.0252836
2 0.837634 0.144834 0.0208128 0.0223604
2 0.535182 0.064417 0.0478392 0.0310811
2 0.718255 0.124571 0.0413637 0.0294589
2 0.810403 0.127335 0.0213864 0.0181428
2 0.115233 0.144119 0.025947 0.0282482
2 0.706905 0.112594 0.0283846 0.0167005
2 0.644816 0.192353 0.0586499 0.0227045
2 0.0478197 0.187379 0.0176737 0.0152772
2 0.401772 0.0599146 0.0307635 0.0175829
2 0.575597 0.113473 0.0344374 0.0245692
2 0.466871 0.054872 0.0286749 0.0151502
2 0.0789086 0.502099 0.157439 0.14819
2 0.760134 0.433373 0.163975 0.137187
2 0.249425 0.238587 0.108313 0.0717665
2 0.489115 0.28483 0.130508 0.0817396
2 0.449585 0.190115 0.096076 0.0507268
2 0.774028 0.198499 0.0510516 0.04707
2 0.492903 0.12591 0.0627745 0.0337532
2 0.180404 0.152314 0.0355105 0.0358073
2 0.146383 0.181172 0.0325798 0.039899
2 0.66735 0.205166 0.0853114 0.0461877
2 0.582389 0.116507 0.0498212 0.0275565
2 0.12516 0.158037 0.0278878 0.0395807
2 0.0079708 0.322127 0.0158701 0.04186
2 0.535178 0.0644341 0.0478724 0.0310492
7 0.714707 0.123123 0.0428501 0.0321304
7 0.641145 0.138813 0.0528137 0.0392956
2 0.808785 0.12717 0.021415 0.0181697
2 0.836471 0.145957 0.0187965 0.0200706
2 0.115236 0.144106 0.0258992 0.0282104
2 0.401824 0.0599898 0.0308355 0.0174199
2 0.0477792 0.187359 0.017745 0.0152101
2 0.704823 0.111824 0.0289872 0.0150591
2 0.46686 0.0548603 0.0286818 0.0151697
2 0.0788931 0.502109 0.157452 0.148236
2 0.737465 0.417377 0.16408 0.134004
2 0.475232 0.279344 0.128656 0.0805189
2 0.463153 0.191548 0.0971012 0.0503857
2 0.778186 0.197444 0.0495055 0.0450047
2 0.49299 0.125905 0.0629181 0.0338
2 0.238667 0.238514 0.106812 0.0706254
2 0.6767 0.205363 0.0820351 0.0455278
2 0.146374 0.181168 0.0326216 0.0397514
2 0.180435 0.152273 0.0355574 0.0358994
7 0.638954 0.139205 0.053611 0.0396604
2 0.12511 0.15803 0.0277229 0.0395316
2 0.535184 0.0643758 0.0478421 0.0309969
7 0.711622 0.12337 0.0431801 0.0315803
2 0.115227 0.14409 0.0258669 0.0282072
2 0.806892 0.127059 0.0215328 0.018643
2 0.587416 0.117131 0.0377892 0.0259472
2 0.401827 0.0599996 0.0309117 0.0174642
2 0.047862 0.187382 0.0178337 0.0152997
2 0.466848 0.0548631 0.0287025 0.0151413
2 0.83593 0.146468 0.0172321 0.0182103
2 0.701834 0.112318 0.029298 0.0190068
2 0.0788903 0.502094 0.157486 0.148193
2 0.715642 0.401058 0.161077 0.130043
2 0.462039 0.274948 0.126179 0.0779801
2 0.477453 0.192643 0.0972794 0.0513209
2 0.227613 0.238794 0.106069 0.0700651
2 0.782025 0.19621 0.0478977 0.0440422
2 0.493003 0.125896 0.0629905 0.0338875
2 0.180449 0.152353 0.0355557 0.0357448
2 0.146368 0.181151 0.0325809 0.03965
2 0.684929 0.205028 0.0795103 0.0452319
2 0.579774 0.116156 0.0508303 0.0279602
2 0.125186 0.158046 0.0277143 0.0395226
2 0.637165 0.139211 0.0540039 0.0404193
2 0.535187 0.0643745 0.047828 0.0310819
2 0.708528 0.122888 0.0441401 0.0325379
2 0.115292 0.144118 0.0258463 0.0282441
2 0.832473 0.143074 0.0211605 0.0224729
2 0.805109 0.126698 0.0217548 0.0178636
2 0.40188 0.0599968 0.0310077 0.0174118
2 0.466845 0.0548726 0.0287231 0.015108
2 0.0478664 0.187393 0.0178164 0.0152943
2 0.698966 0.110789 0.0290394 0.0166651
2 0.0789214 0.502115 0.157645 0.14883
2 0.694295 0.386683 0.159566 0.123469
2 0.448888 0.270883 0.125058 0.0770572
2 0.491389 0.19445 0.098921 0.050412
2 0.786061 0.195195 0.0467141 0.0439997
2 0.216284 0.239315 0.105929 0.0699509
2 0.180497 0.152326 0.0355752 0.035612
2 0.492959 0.125713 0.0627127 0.0341039
2 0.700599 0.209283 0.0611248 0.036898
2 0.14639 0.18069 0.0327076 0.0385145
2 0.578574 0.116344 0.0504059 0.028557
2 0.125236 0.158007 0.0275998 0.0389683
2 0.704746 0.121016 0.0450094 0.0360151
2 0.680973 0.200128 0.053754 0.0351039
7 0.635457 0.139437 0.0544773 0.040961
2 0.535254 0.0642776 0.0476489 0.0307322
2 0.0477881 0.18756 0.0181056 0.015616
2 0.115452 0.143848 0.0261524 0.0276575
2 0.401797 0.0601856 0.0307628 0.0172349
2 0.803217 0.126353 0.0218685 0.0184291
2 0.00302099 0.180428 0.00604198 0.0173086
2 0.834053 0.14758 0.0140921 0.015409
2 0.466631 0.0548428 0.0291845 0.0152627
2 0.0906132 0.0963793 0.0199909 0.0208868
2 0.0789268 0.502124 0.157647 0.148809
2 0.673353 0.372619 0.156215 0.117933
2 0.435324 0.26625 0.123105 0.0757605
2 0.505819 0.196096 0.100158 0.0503552
2 0.205197 0.240758 0.103963 0.0703962
2 0.492969 0.125778 0.0627419 0.0339005
2 0.789276 0.194645 0.0465631 0.0435101
2 0.180492 0.152363 0.0355633 0.0355707
2 0.14642 0.180623 0.0326195 0.0383152
2 0.708272 0.209507 0.0585158 0.0359086
2 0.577518 0.116179 0.0509739 0.0292109
2 0.125313 0.158049 0.027725 0.0388876
2 0.633938 0.140067 0.0547327 0.0401455
2 0.701827 0.120884 0.0453596 0.0365872
2 0.688943 0.200003 0.0514294 0.034337
2 0.535259 0.0643522 0.0476557 0.0309035
2 0.0477942 0.187544 0.0181946 0.0156163
2 0.115501 0.143903 0.0262655 0.0277146
2 0.401791 0.0602816 0.0309377 0.0171083
2 0.00412937 0.180257 0.00823673 0.0184445
2 0.466692 0.0548679 0.0290513 0.0152637
2 0.829013 0.145755 0.0216194 0.0177689
2 0.0789469 0.502138 0.157611 0.148805
2 0.653902 0.360213 0.154297 0.112222
2 0.422132 0.263258 0.12109 0.0742172
2 0.520021 0.197702 0.0998984 0.0506397
2 0.793401 0.193951 0.0446819 0.0422667
2 0.1936 0.242494 0.103702 0.0737605
2 0.492889 0.125807 0.0627976 0.0338381
2 0.146414 0.180718 0.0326447 0.0383766
2 0.180481 0.152379 0.0355786 0.0356146
2 0.715763 0.209169 0.0555493 0.0349683
2 0.576741 0.116422 0.0511741 0.029045
2 0.699133 0.120928 0.0455111 0.0369955
2 0.632008 0.140484 0.055012 0.0378901
2 0.125292 0.157946 0.0278121 0.0389434
2 0.535272 0.0643818 0.0476616 0.0308893
2 0.827296 0.142021 0.0221882 0.024872
2 0.0478296 0.187554 0.0181028 0.01563
2 0.697519 0.200304 0.0500194 0.0342365
2 0.401724 0.0602458 0.0310602 0.0170006
2 0.11497 0.143902 0.0254907 0.0276525
2 0.466685 0.0548317 0.0290747 0.0152425
2 0.800241 0.12605 0.0220345 0.0182391
2 0.00463506 0.178764 0.00925759 0.0173449
2 0.0789173 0.502133 0.157571 0.148713
2 0.635083 0.348615 0.151175 0.105837
2 0.534502 0.199413 0.100063 0.051947
2 0.409149 0.259807 0.11929 0.0729391
2 0.796873 0.193398 0.0440928 0.0418495
2 0.146398 0.180773 0.0326212 0.0386246
2 0.182086 0.244219 0.101986 0.0746052
2 0.180478 0.152411 0.035556 0.03553
2 0.492877 0.125747 0.0627581 0.033962
2 0.630201 0.140321 0.054748 0.0386577
2 0.723853 0.208833 0.0523604 0.0346596
2 0.575806 0.116823 0.0508619 0.0293153
2 0.125231 0.157933 0.0277494 0.0389377
2 0.696027 0.120918 0.0451312 0.037155
2 0.0477168 0.187541 0.018285 0.0156179
2 0.535291 0.0643687 0.0476477 0.030928
2 0.825314 0.141951 0.0230289 0.0248361
2 0.115091 0.143871 0.0257423 0.0277811
2 0.705091 0.199 0.048958 0.0312749
2 0.401737 0.0602732 0.031043 0.0169877
2 0.798523 0.125979 0.0224747 0.0185733
2 0.466688 0.0548304 0.0290766 0.0152562
2 0.0906839 0.0970912 0.0203019 0.0213713
2 0.0789601 0.502137 0.157641 0.148548
2 0.61659 0.337028 0.148517 0.102426
2 0.396536 0.257376 0.117032 0.0708226
2 0.549107 0.200145 0.0996844 0.0523752
2 0.800482 0.192384 0.0429686 0.0412626
2 0.146304 0.180757 0.0327774 0.0381568
2 0.492901 0.125791 0.0627054 0.033757
2 0.18037 0.152171 0.0356281 0.0359313
2 0.169206 0.246903 0.10365 0.0744029
2 0.628489 0.141067 0.0554512 0.037735
2 0.125063 0.157933 0.0275894 0.0390723
2 0.692941 0.121637 0.0464657 0.0349574
2 0.731077 0.208862 0.0495821 0.0341112
2 0.575228 0.11708 0.0512506 0.0281788
2 0.823299 0.142256 0.0231716 0.0248539
2 0.114906 0.143737 0.0255868 0.0280536
2 0.0478032 0.187514 0.0183746 0.0156593
2 0.53532 0.0642974 0.0476376 0.0306291
2 0.466652 0.0549354 0.0291985 0.0151686
2 0.401778 0.0602477 0.0307558 0.0171947
2 0.712247 0.200956 0.0457456 0.0348319
2 0.0907307 0.0975949 0.0204312 0.0210579
2 0.0789649 0.502137 0.157691 0.148556
2 0.59833 0.327425 0.146201 0.0972009
2 0.382947 0.25439 0.11667 0.069728
2 0.56363 0.20132 0.0981812 0.0522898
2 0.804281 0.191329 0.0413317 0.0407217
2 0.146258 0.180708 0.0328704 0.0381239
2 0.492909 0.125841 0.0627283 0.0337556
2 0.180362 0.152131 0.0356065 0.0358814
2 0.728744 0.204609 0.0639248 0.0421493
2 0.158515 0.249591 0.100299 0.0754474
2 0.627405 0.141113 0.0559984 0.0381357
2 0.12508 0.157974 0.0275368 0.0392177
2 0.574768 0.116732 0.0512362 0.0291099
2 0.689579 0.121395 0.0465714 0.0357217
2 0.0477423 0.187545 0.0184981 0.0155741
2 0.11491 0.143586 0.0254382 0.0277206
2 0.535309 0.0643441 0.0476366 0.0306215
2 0.821731 0.141801 0.024012 0.0257456
2 0.401834 0.0602175 0.0308666 0.0172487
2 0.466653 0.0549389 0.0291979 0.0151775
2 0.0909115 0.0985688 0.0201 0.0205972
2 0.0789811 0.502179 0.157706 0.148507
2 0.580969 0.317273 0.142733 0.0954139
2 0.370255 0.25203 0.115044 0.0685605
2 0.577439 0.203132 0.0979868 0.0508
2 0.146233 0.180713 0.032962 0.0381882
2 0.8077 0.190942 0.0403885 0.0394132
2 0.49301 0.125857 0.0629411 0.0336507
2 0.180374 0.152027 0.0356015 0.0359289
2 0.734699 0.204085 0.0627533 0.0420294
2 0.147114 0.252028 0.0980464 0.0768793
2 0.125068 0.157997 0.027474 0.0390981
2 0.57402 0.117077 0.0509758 0.0285154
2 0.62584 0.14068 0.0564587 0.0394134
2 0.68636 0.123317 0.0480657 0.0325
2 0.115003 0.143597 0.025497 0.0277101
2 0.535315 0.0643221 0.0476284 0.0305979
2 0.0478148 0.187534 0.0186153 0.0154479
2 0.820155 0.142864 0.0235455 0.0232182
2 0.401862 0.060326 0.0308926 0.0170849
2 0.466655 0.0549342 0.0292006 0.0151713
2 0.0137954 0.172314 0.0275134 0.0253998
2 0.07896 0.50223 0.157667 0.148379
2 0.563911 0.309393 0.141043 0.090418
2 0.357105 0.2499 0.114906 0.0679228
2 0.591203 0.203441 0.0972004 0.0504515
2 0.13482 0.255487 0.096192 0.0777849
2 0.811055 0.190569 0.0397919 0.038235
2 0.14624 0.180748 0.0329642 0.0381987
2 0.18039 0.152024 0.0355737 0.0358743
2 0.741152 0.203641 0.0586636 0.0415889
2 0.492992 0.125893 0.0628641 0.0335649
2 0.624012 0.140922 0.056768 0.0397866
2 0.125011 0.157966 0.0271654 0.0390743
2 0.573586 0.116872 0.0513308 0.0289923
2 0.683273 0.123517 0.0476698 0.0323094
2 0.0478304 0.187525 0.0186003 0.015299
2 0.114979 0.143481 0.0253913 0.0273984
2 0.818556 0.142966 0.0248421 0.0231491
2 0.535314 0.0643472 0.0476412 0.0306335
2 0.466659 0.0549341 0.0291887 0.0151756
2 0.402034 0.0603455 0.0311611 0.0170989
2 0.0908939 0.0987651 0.0211714 0.0197758
2 0.0155435 0.168451 0.0308036 0.0207523
2 0.078962 0.50214 0.157648 0.148453
2 0.547466 0.301629 0.138258 0.0868923
2 0.345302 0.248298 0.112036 0.0663705
2 0.60422 0.202657 0.0968797 0.0544944
2 0.122847 0.2593 0.0953291 0.078559
2 0.146219 0.180676 0.0329123 0.0381858
2 0.746893 0.203395 0.0561924 0.0407259
2 0.180379 0.152036 0.0355622 0.0359001
2 0.493164 0.125903 0.0631886 0.0335558
2 0.81424 0.189738 0.038861 0.0377306
2 0.622746 0.140813 0.0562361 0.03984
2 0.125001 0.157916 0.0271726 0.0390272
2 0.573062 0.116674 0.0508729 0.0294265
2 0.680024 0.123769 0.0482293 0.0319329
2 0.816076 0.143356 0.0246731 0.0230895
2 0.114974 0.143429 0.0256621 0.0273951
2 0.0478571 0.187563 0.018349 0.0155444
2 0.0169813 0.172882 0.0338056 0.0321875
2 0.535306 0.0643141 0.0476193 0.0306028
2 0.790204 0.124788 0.0221972 0.0184671
2 0.401744 0.060371 0.0306368 0.016988
2 0.466664 0.0549305 0.0291812 0.0151846
2 0.00456526 0.178302 0.00913052 0.0213738
2 0.0789653 0.502146 0.157653 0.148372
2 0.531179 0.293336 0.136471 0.0848861
2 0.333023 0.246576 0.110424 0.0650563
2 0.6168 0.204147 0.0957562 0.0527122
2 0.110258 0.262735 0.0951585 0.080715
2 0.751925 0.20284 0.0548118 0.0409299
2 0.146237 0.180698 0.0329238 0.0382916
2 0.817933 0.188971 0.0378906 0.0378133
2 0.180375 0.15201 0.0355819 0.0359528
2 0.493106 0.125863 0.0630805 0.0335968
2 0.57251 0.116585 0.0512183 0.0293014
2 0.621538 0.140626 0.0564308 0.0399129
2 0.124973 0.157997 0.0272483 0.0390644
2 0.676878 0.122984 0.0489546 0.0339061
2 0.0186371 0.1704 0.0369513 0.032758
2 0.115017 0.143424 0.0257277 0.0273484
2 0.535315 0.0643094 0.0476064 0.0305736
2 0.0479517 0.187534 0.0181555 0.0155243
2 0.814817 0.143353 0.0258152 0.0242226
2 0.789563 0.124695 0.0216192 0.0182945
2 0.840072 0.139172 0.0201073 0.0181678
2 0.466664 0.0549343 0.0291773 0.0151713
2 0.401671 0.0603864 0.0305753 0.0169539
2 0.0786396 0.502301 0.157186 0.148369
2 0.515691 0.286393 0.133284 0.0817827
2 0.629252 0.205737 0.0940416 0.0501865
2 0.320516 0.245516 0.110046 0.0643627
2 0.75677 0.202119 0.0523189 0.0398817
2 0.0983729 0.266465 0.093014 0.0815627
2 0.146432 0.181097 0.032472 0.0391937
2 0.180418 0.152406 0.035437 0.0358668
2 0.493141 0.126004 0.06315 0.0337733
2 0.820554 0.188217 0.0367107 0.0372978
2 0.619943 0.14008 0.0579747 0.0417136
2 0.572507 0.116916 0.0514164 0.0286358
2 0.125334 0.158298 0.0277688 0.0391515
2 0.812583 0.142928 0.0251918 0.0255871
2 0.673804 0.120831 0.0500441 0.0380782
2 0.535308 0.0644203 0.0476376 0.0312269
2 0.115021 0.143323 0.0255361 0.0271567
2 0.047651 0.187514 0.0181702 0.0153943
2 0.0199951 0.170048 0.039728 0.0323796
2 0.401533 0.0600597 0.0300566 0.0172579
2 0.467002 0.0549354 0.0286062 0.0153947
2 0.0786528 0.502243 0.157167 0.148216
2 0.500162 0.280647 0.130913 0.0791956
2 0.640495 0.206147 0.0936227 0.0501094
2 0.308148 0.244474 0.108877 0.0638361
2 0.762108 0.201086 0.0498441 0.0399282
2 0.146546 0.181085 0.032235 0.0392253
2 0.823599 0.187387 0.0366016 0.0379862
2 0.180428 0.152426 0.035472 0.0358483
2 0.493184 0.125978 0.0632097 0.0337281
2 0.0853555 0.271887 0.0930645 0.0835956
2 0.572324 0.117124 0.0512741 0.0281216
2 0.125324 0.158241 0.0278373 0.0391058
2 0.618932 0.140079 0.0575622 0.0420048
2 0.535305 0.0644351 0.0476358 0.0312042
2 0.67064 0.121554 0.0498007 0.0367503
2 0.810728 0.142903 0.0234854 0.0212645
2 0.115084 0.143425 0.0256706 0.0272646
2 0.0476089 0.187518 0.0183305 0.0152972
2 0.0272107 0.164232 0.030595 0.0243422
2 0.401863 0.0600974 0.0306618 0.0171613
2 0.466925 0.0549679 0.0286961 0.0153499
2 0.0786581 0.502253 0.157177 0.148331
2 0.485024 0.275415 0.128615 0.0772361
2 0.296436 0.243373 0.106983 0.0626616
2 0.651868 0.206601 0.0912525 0.0486397
2 0.766888 0.200395 0.0483356 0.0393918
2 0.146438 0.181187 0.0324658 0.0393454
2 0.493209 0.125884 0.0632559 0.0338135
2 0.180424 0.152357 0.0354352 0.0358964
2 0.826253 0.186952 0.03554 0.0368762
2 0.617627 0.140441 0.0582952 0.0422572
2 0.571987 0.116796 0.0512941 0.0284175
2 0.0737691 0.277059 0.0925719 0.0839051
2 0.125504 0.15823 0.0280225 0.039206
2 0.667172 0.122024 0.051461 0.035939
2 0.808641 0.141575 0.0243924 0.0262148
2 0.5353 0.0644036 0.0476211 0.0310769
2 0.114983 0.143377 0.0256009 0.0274624
2 0.0286533 0.163571 0.0324982 0.0248082
2 0.0475864 0.187491 0.0184019 0.0153103
2 0.466934 0.0549675 0.0286674 0.015346
2 0.401947 0.0601132 0.0309092 0.0171092
2 0.0786588 0.502205 0.157176 0.148321
2 0.469872 0.27095 0.127062 0.0763328
2 0.662466 0.206646 0.0881052 0.0476563
2 0.284156 0.242637 0.106203 0.0620496
2 0.771529 0.199264 0.0461058 0.0382538
2 0.146445 0.181176 0.0324802 0.0392526
2 0.180416 0.152391 0.0354434 0.0358688
2 0.4934 0.125857 0.0636066 0.0339074
2 0.829123 0.186633 0.035162 0.0357729
2 0.617017 0.140408 0.0585321 0.0420136
2 0.0607733 0.282787 0.0909644 0.0851997
2 0.571858 0.116824 0.0513391 0.0285772
2 0.664042 0.123154 0.0520304 0.0338543
2 0.125447 0.158218 0.0278681 0.0392373
2 0.806442 0.140104 0.0248278 0.0282056
2 0.535291 0.0643997 0.047634 0.0311363
2 0.115023 0.143334 0.0255651 0.0274178
2 0.0304181 0.163022 0.0342374 0.0269311
2 0.0476622 0.187398 0.0182557 0.0152103
2 0.40195 0.0601217 0.030914 0.0171088
2 0.466835 0.0548376 0.0288182 0.015271
2 0.671932 0.10628 0.0288903 0.0110369
2 0.0786511 0.502207 0.157167 0.148294
2 0.455481 0.266215 0.124949 0.0740421
2 0.672425 0.206603 0.0853753 0.046919
2 0.272092 0.242182 0.105821 0.0610938
2 0.776472 0.198247 0.044624 0.0383093
2 0.493365 0.125909 0.0635532 0.0337988
2 0.146472 0.181007 0.0324542 0.0391482
2 0.832052 0.186399 0.035161 0.0346389
2 0.615834 0.140219 0.0585173 0.0421141
2 0.180414 0.15235 0.035468 0.0358946
2 0.0470957 0.28831 0.0925237 0.0856892
2 0.571704 0.116933 0.051416 0.0283868
2 0.66193 0.120854 0.0502356 0.0387272
2 0.125535 0.158223 0.0280085 0.0393465
2 0.0317286 0.162619 0.0355507 0.0269945
2 0.804326 0.140401 0.025256 0.0272102
2 0.535307 0.0643922 0.0476774 0.0311545
2 0.115085 0.14368 0.025946 0.0279731
2 0.0476183 0.187382 0.0183398 0.0151656
2 0.466921 0.0549314 0.0286299 0.0152579
2 0.40166 0.0600443 0.0302984 0.0171462
2 0.0786548 0.502214 0.157157 0.148322
2 0.441019 0.261875 0.122453 0.0721835
2 0.261149 0.242014 0.103392 0.0600597
2 0.682118 0.20659 0.0833461 0.0467796
2 0.0400171 0.294144 0.0799605 0.0883042
2 0.780514 0.197793 0.043145 0.0374627
2 0.493378 0.125911 0.0635687 0.0338802
2 0.14646 0.18099 0.0324831 0.0393133
2 0.180405 0.152304 0.0354538 0.0359824
2 0.834253 0.185868 0.0333138 0.0336203
2 0.614899 0.140649 0.0582483 0.0417558
2 0.57173 0.116805 0.0513773 0.0285941
2 0.658563 0.12242 0.0517715 0.0359029
2 0.12555 0.158202 0.0281147 0.0393147
2 0.0326987 0.16349 0.035734 0.030038
2 0.802789 0.142102 0.0255611 0.0233886
2 0.535308 0.0643986 0.0476619 0.0311149
2 0.0476208 0.187383 0.0183104 0.0152219
2 0.115019 0.143395 0.025664 0.0275329
2 0.466905 0.0548995 0.0286021 0.0152256
2 0.780572 0.124685 0.0291058 0.0225
2 0.401841 0.0600549 0.0307061 0.0171855
2 0.0787274 0.502323 0.157318 0.148127
2 0.427256 0.257938 0.120789 0.0708177
2 0.249272 0.242536 0.103011 0.0601331
2 0.690918 0.206523 0.0803997 0.0465879
2 0.0331764 0.29625 0.0662891 0.0802436
2 0.784838 0.196772 0.0424576 0.0367249
2 0.146543 0.180952 0.0323247 0.0395567
2 0.493408 0.126049 0.0633678 0.033453
2 0.180347 0.152421 0.0355542 0.0362371
2 0.837496 0.185437 0.0332745 0.0333852
2 0.571919 0.116868 0.0508986 0.028311
2 0.800243 0.142267 0.0266506 0.0228466
2 0.0337855 0.162281 0.0386058 0.0309956
2 0.613966 0.141128 0.0589828 0.0411458
2 0.125775 0.15827 0.0287984 0.0392815
2 0.535387 0.064478 0.0478086 0.0312154
2 0.654943 0.123484 0.0534601 0.0342697
2 0.11541 0.143798 0.0261241 0.027685
2 0.0476607 0.187324 0.0183245 0.0153028
2 0.667023 0.110696 0.0305264 0.0198902
2 0.827361 0.136801 0.0224888 0.0199561
2 0.467029 0.0549244 0.0284348 0.0153203
2 0.401934 0.0600004 0.0312359 0.0174884
2 0.0787387 0.502316 0.157319 0.148122
2 0.413412 0.254639 0.119158 0.0694997
2 0.237165 0.243647 0.102233 0.0604553
2 0.699498 0.206481 0.0767248 0.046075
2 0.929477 0.572055 0.140454 0.161317
2 0.789204 0.196135 0.0404243 0.0354768
2 0.493395 0.125893 0.0633349 0.0336221
2 0.146547 0.181022 0.0323186 0.0396025
2 0.839882 0.184681 0.0322773 0.0324537
2 0.180362 0.15237 0.0355372 0.036245
2 0.613337 0.142025 0.0594256 0.0399635
2 0.798542 0.140309 0.0264626 0.0264404
2 0.571913 0.116851 0.0508999 0.0283304
2 0.0269631 0.298456 0.053745 0.0714845
2 0.0346718 0.160936 0.0397628 0.0319918
2 0.125712 0.158258 0.0286131 0.0393244
2 0.535372 0.0644738 0.0477774 0.0311994
2 0.650957 0.124027 0.0539446 0.0330748
2 0.115393 0.143744 0.0260571 0.0275652
2 0.665277 0.111466 0.0301535 0.0211225
2 0.0476488 0.187387 0.0183606 0.0153715
2 0.825731 0.136654 0.0230915 0.0200274
2 0.401911 0.059996 0.0312037 0.0175284
2 0.77773 0.123553 0.0309898 0.0245017
2 0.467024 0.0549116 0.0283613 0.0153542
2 0.078734 0.502307 0.157329 0.148101
2 0.399795 0.25132 0.117672 0.068649
2 0.225082 0.245455 0.101423 0.0604935
2 0.707511 0.206228 0.0737646 0.0450756
2 0.793294 0.195185 0.0390598 0.0351596
2 0.493374 0.125919 0.063233 0.0336888
2 0.841817 0.184404 0.0321671 0.0316195
2 0.146546 0.181068 0.0323992 0.0395653
2 0.18037 0.152384 0.0355304 0.0362077
2 0.0203301 0.301686 0.0405852 0.0650625
2 0.571908 0.116969 0.0508387 0.0280137
2 0.648958 0.123839 0.0535166 0.0339182
2 0.0360757 0.160612 0.0397877 0.0320353
2 0.125717 0.158236 0.0285149 0.0393539
2 0.796259 0.140983 0.0277599 0.0248368
2 0.612367 0.141492 0.0596491 0.0415962
2 0.663313 0.112195 0.0309323 0.0227505
2 0.535378 0.0644789 0.0477821 0.0311671
2 0.115391 0.143735 0.0260759 0.027563
2 0.0476219 0.187385 0.0184266 0.0153914
2 0.822819 0.137219 0.0212826 0.0200869
2 0.774347 0.123405 0.0282125 0.0235358
2 0.913469 0.551771 0.158118 0.158404
2 0.467023 0.0549164 0.0283548 0.0153288
2 0.401718 0.0600385 0.0308594 0.0174224
2 0.0787246 0.502326 0.157298 0.148128
2 0.386653 0.248755 0.116185 0.0664552
2 0.213183 0.246868 0.100878 0.0612855
2 0.715077 0.20628 0.0707725 0.0443748
2 0.797035 0.194073 0.0383516 0.0350442
2 0.493343 0.125986 0.063266 0.0336157
2 0.146434 0.181118 0.0325837 0.0396959
2 0.88221 0.532988 0.147657 0.154196
2 0.845469 0.1842 0.0303978 0.0307976
2 0.180351 0.152396 0.0355641 0.0362165
2 0.571886 0.117006 0.0508057 0.0280747
2 0.0369036 0.160206 0.0405254 0.032023
2 0.611425 0.142052 0.0597364 0.0408172
2 0.125691 0.158258 0.0285402 0.039328
2 0.0139371 0.307827 0.0277389 0.0648951
2 0.645956 0.123716 0.0557549 0.0337389
2 0.535385 0.0644704 0.0477652 0.031125
2 0.794618 0.142693 0.0273796 0.0221507
2 0.661554 0.112486 0.0315087 0.0236494
2 0.115453 0.143755 0.0260862 0.0276168
2 0.821893 0.137064 0.0230015 0.0203909
2 0.0477863 0.187386 0.0181611 0.0153555
2 0.772455 0.122494 0.0281286 0.0231214
2 0.467017 0.0549162 0.0284142 0.0153391
2 0.401862 0.0599421 0.0312826 0.0176431
2 0.86316 0.517068 0.162106 0.15853
2 0.0787412 0.502103 0.157249 0.148642
2 0.373222 0.246207 0.114205 0.0657
2 0.201372 0.249312 0.0997261 0.0626732
2 0.722102 0.205951 0.0689325 0.0437351
2 0.493208 0.125944 0.0632614 0.0339062
2 0.800786 0.194018 0.0367113 0.033704
2 0.146518 0.180752 0.0324993 0.0382585
2 0.180429 0.152223 0.0355635 0.0356811
2 0.847365 0.183684 0.0305685 0.0304678
2 0.038256 0.15989 0.039855 0.0313277
2 0.572074 0.117314 0.0508011 0.0275406
2 0.792268 0.138879 0.0279703 0.0293849
2 0.610809 0.141925 0.0596516 0.0414356
2 0.643255 0.124014 0.0533178 0.0321463
2 0.125343 0.158219 0.0276925 0.0392967
2 0.535312 0.0644307 0.0475964 0.0309461
2 0.00742296 0.30931 0.0146826 0.0522166
2 0.660256 0.113202 0.0306359 0.0252026
2 0.820369 0.136872 0.0227737 0.0205472
2 0.115123 0.143147 0.0252321 0.0269487
2 0.401915 0.0598878 0.0313673 0.0178758
2 0.0480047 0.18758 0.0178768 0.0153363
2 0.46669 0.0549244 0.029183 0.0153662
2 0.771016 0.122192 0.0285183 0.0232647
2 0.879279 0.143712 0.00932274 0.00752341
2 0.0787343 0.502109 0.1572 0.148664
2 0.837962 0.498348 0.163627 0.156898
2 0.360034 0.244168 0.112664 0.0644824
2 0.189159 0.251757 0.0990381 0.0646931
2 0.72918 0.205488 0.0659412 0.043406
2 0.493179 0.125992 0.0631376 0.0337947
2 0.80476 0.193355 0.0362692 0.0338441
2 0.146543 0.180735 0.0325 0.0384607
2 0.180483 0.152225 0.0355753 0.0356524
2 0.84935 0.18356 0.0281731 0.03007
2 0.0390619 0.159391 0.0396151 0.0313778
2 0.125285 0.158216 0.0275767 0.0393838
2 0.535323 0.0643639 0.0475489 0.0308043
2 0.6101 0.142824 0.0593142 0.0394162
2 0.572512 0.117182 0.050069 0.0272983
2 0.790254 0.138267 0.0295063 0.0304313
2 0.638718 0.123793 0.0571239 0.0332341
2 0.658132 0.113215 0.0325696 0.0256687
2 0.11526 0.143415 0.0256201 0.0271825
2 0.401758 0.0598611 0.0311069 0.0179073
2 0.466703 0.0549215 0.0291859 0.0154318
2 0.0479611 0.187669 0.0179351 0.0153966
2 0.768923 0.121375 0.0279718 0.0227781
2 0.819447 0.136361 0.024675 0.0215227
2 0.0787398 0.502112 0.157226 0.148625
2 0.811835 0.480834 0.164162 0.155201
2 0.346508 0.241888 0.11059 0.0634415
2 0.171144 0.254763 0.110983 0.0653246
2 0.735946 0.204835 0.0632119 0.0430104
2 0.808185 0.192287 0.0350346 0.032807
2 0.493239 0.125967 0.0631615 0.0338189
2 0.146508 0.180697 0.0325412 0.0384279
2 0.180483 0.152143 0.0355473 0.0358679
2 0.851487 0.182654 0.0292633 0.0306034
2 0.0402091 0.159255 0.0397175 0.0311557
2 0.125293 0.158226 0.0275192 0.0393891
2 0.788335 0.141262 0.0287842 0.0245493
2 0.609355 0.142792 0.0596117 0.0398425
2 0.53532 0.0643177 0.0475866 0.0309082
2 0.115129 0.143172 0.0251897 0.0267442
2 0.572243 0.117088 0.0500458 0.027457
2 0.63574 0.123725 0.0574589 0.0330069
2 0.401871 0.0598883 0.031439 0.0178686
2 0.656777 0.112886 0.0318808 0.0252853
2 0.047958 0.18764 0.017986 0.0153235
2 0.819441 0.136101 0.0273003 0.0221955
2 0.466691 0.0549101 0.0291163 0.015437
2 0.0787432 0.502136 0.157223 0.148634
2 0.786845 0.462521 0.165013 0.1533
2 0.334025 0.240528 0.10963 0.0627973
2 0.742237 0.204323 0.06064 0.0425316
2 0.493032 0.125834 0.062863 0.0339108
2 0.164325 0.258014 0.0986385 0.0665383
2 0.146472 0.180664 0.032629 0.0383354
2 0.811675 0.191735 0.0348804 0.0327058
2 0.180473 0.152208 0.0355574 0.0357646
2 0.853556 0.182167 0.0290932 0.0303401
2 0.125348 0.158296 0.0276219 0.0394068
2 0.0407803 0.158422 0.0392984 0.0313093
2 0.785893 0.139953 0.0294191 0.0267872
2 0.572199 0.117439 0.0504836 0.0271593
2 0.632243 0.123827 0.0582272 0.0334224
2 0.608787 0.143397 0.0599266 0.039092
2 0.115265 0.143375 0.0255337 0.0270913
2 0.535313 0.0642557 0.0475663 0.0307718
2 0.654881 0.113073 0.0320622 0.0259325
2 0.047934 0.18762 0.0179666 0.0153763
2 0.40169 0.0598762 0.0311559 0.0179057
2 0.817921 0.135778 0.0277462 0.0223014
2 0.466699 0.0549017 0.0290958 0.015431
2 0.0787308 0.502157 0.157226 0.148679
2 0.761978 0.444691 0.163953 0.148312
2 0.321255 0.238851 0.108452 0.0622264
2 0.152008 0.261729 0.09736 0.067307
2 0.74766 0.203878 0.0578589 0.0415155
2 0.146486 0.180741 0.0326055 0.0383961
2 0.493023 0.125878 0.0628921 0.0339346
2 0.81528 0.191045 0.0335947 0.0329701
2 0.180414 0.152277 0.035536 0.035883
2 0.85559 0.18219 0.0276814 0.0293009
2 0.0411829 0.158308 0.040773 0.0311883
2 0.784653 0.140704 0.0290092 0.0250393
2 0.12527 0.158198 0.0274674 0.0394007
2 0.571977 0.117189 0.0504513 0.0278824
2 0.608034 0.143886 0.0588479 0.0379273
2 0.629967 0.12404 0.0575029 0.0329856
2 0.115191 0.14345 0.0254789 0.0271961
2 0.535312 0.0642292 0.0475283 0.0306562
2 0.817097 0.135731 0.0293392 0.0233983
2 0.653417 0.113129 0.0318575 0.0256039
2 0.401704 0.059912 0.0311266 0.0178051
2 0.0479005 0.187621 0.0179465 0.0154381
2 0.466687 0.0549088 0.0291115 0.0154257
2 0.0787421 0.502092 0.157208 0.14854
2 0.738236 0.428077 0.162815 0.144766
2 0.30891 0.238736 0.108362 0.0589116
2 0.753113 0.20318 0.0555876 0.041009
2 0.139878 0.265945 0.0955151 0.0675993
2 0.818786 0.189856 0.03328 0.0329495
2 0.493041 0.12587 0.0629084 0.0339166
2 0.146523 0.180738 0.0325328 0.0382255
2 0.180441 0.152284 0.0355102 0.0359251
2 0.858029 0.181596 0.0267818 0.0287411
2 0.782503 0.140211 0.0289106 0.0261686
2 0.125287 0.158194 0.0274637 0.0395073
2 0.0420102 0.157589 0.0407577 0.0318401
2 0.607603 0.143594 0.059776 0.038784
2 0.115056 0.143299 0.025029 0.0268166
2 0.53532 0.0642103 0.0475569 0.0306386
2 0.572061 0.11693 0.0494007 0.0270212
7 0.626909 0.12414 0.0581181 0.0330509
2 0.651631 0.113251 0.0324369 0.0252565
2 0.0478932 0.187689 0.0180181 0.0154919
2 0.40177 0.059923 0.0313555 0.0178375
2 0.46669 0.0549025 0.029109 0.0154285
2 0.816092 0.135665 0.0306635 0.0236163
2 0.760554 0.120018 0.0260778 0.022088
2 0.774974 0.127475 0.0282907 0.0154589
2 0.0787481 0.502095 0.157231 0.148529
2 0.714857 0.412062 0.161123 0.140118
2 0.296356 0.237978 0.107529 0.058615
2 0.758478 0.202673 0.0534729 0.0409153
2 0.146471 0.180666 0.0325634 0.0382067
2 0.493185 0.125945 0.0631213 0.0337875
2 0.180453 0.152294 0.0355048 0.0358519
2 0.821454 0.189849 0.0332884 0.031601
2 0.123806 0.270821 0.100326 0.0692345
2 0.859887 0.181337 0.0282032 0.0283549
2 0.780189 0.140509 0.0303164 0.0256362
2 0.125321 0.158165 0.0274032 0.0394645
2 0.0418618 0.15713 0.0416692 0.0328333
2 0.607383 0.143172 0.0599521 0.0397052
2 0.115057 0.143186 0.0250193 0.0268433
2 0.64975 0.113114 0.033135 0.0256355
2 0.535322 0.0642301 0.0475597 0.030629
2 0.815231 0.135458 0.0327064 0.0239409
2 0.578432 0.117421 0.0365035 0.0257978
2 0.0478666 0.187701 0.0179179 0.0154795
7 0.625367 0.124371 0.0559124 0.0326731
2 0.401763 0.0599562 0.0313257 0.0176704
2 0.466681 0.0549089 0.0291225 0.0154254
2 0.136117 0.250537 0.0757144 0.0321738
2 0.0787385 0.502077 0.157236 0.148574
2 0.692021 0.396724 0.159966 0.134898
2 0.283943 0.237713 0.106511 0.0564583
2 0.763523 0.201723 0.0511791 0.0400538
2 0.146473 0.18063 0.032574 0.0382551
2 0.493178 0.125915 0.0630925 0.0337133
2 0.180445 0.152297 0.0355173 0.0358592
2 0.825141 0.188609 0.0311123 0.0317454
2 0.114085 0.27389 0.0923973 0.0727959
2 0.861953 0.181088 0.0262888 0.0275382
2 0.125367 0.1582 0.0275033 0.0394311
2 0.778584 0.140001 0.0291377 0.0269564
2 0.0425271 0.157107 0.0409335 0.0316836
2 0.115185 0.143452 0.0254802 0.0272703
2 0.606961 0.143558 0.0605621 0.0389989
2 0.535324 0.0642052 0.0475847 0.030695
2 0.648563 0.113218 0.0330547 0.025741
2 0.57835 0.117032 0.0369335 0.0239663
2 0.620068 0.124092 0.0610071 0.03257
2 0.401709 0.0600391 0.0313117 0.0176583
2 0.0478942 0.187626 0.0178897 0.0154967
2 0.466659 0.0548904 0.0291762 0.0154549
2 0.863292 0.147005 0.0132359 0.00913407
2 0.756418 0.118912 0.0252714 0.0208483
2 0.0786878 0.502082 0.157126 0.148605
2 0.669835 0.382597 0.158508 0.129372
2 0.768399 0.200937 0.0488321 0.0395164
2 0.271051 0.236799 0.106231 0.0575221
2 0.146576 0.18093 0.0322792 0.0383474
2 0.180367 0.152301 0.0355744 0.0354874
2 0.828163 0.188505 0.0307291 0.030734
2 0.49311 0.125936 0.063228 0.0337336
2 0.0967971 0.283811 0.0989297 0.0753164
2 0.12541 0.158012 0.0274285 0.039275
2 0.776275 0.14034 0.0296077 0.0259787
2 0.862998 0.180981 0.025979 0.0271573
2 0.0430415 0.156488 0.039697 0.0318726
2 0.115196 0.143322 0.0257469 0.0272082
2 0.646338 0.113059 0.0341851 0.0258252
2 0.535409 0.0642748 0.0476254 0.0306114
7 0.623239 0.124469 0.0502311 0.0337326
7 0.60594 0.143846 0.0604126 0.0386945
2 0.401533 0.0600101 0.0311604 0.0173558
2 0.753884 0.119082 0.0241592 0.0214804
2 0.466575 0.0549395 0.0293223 0.0154722
2 0.577716 0.117344 0.0380245 0.0240329
2 0.770549 0.127536 0.0232489 0.0167092
2 0.808896 0.133524 0.026778 0.0214913
2 0.0478568 0.187564 0.0181404 0.0155445
2 0.861412 0.146428 0.0140869 0.0098093
2 0.0786856 0.502099 0.157144 0.148639
2 0.648598 0.369196 0.154587 0.124271
2 0.773037 0.199945 0.0473483 0.0382963
2 0.146537 0.180903 0.0323814 0.0384816
2 0.180363 0.152288 0.0355448 0.0355416
2 0.493127 0.125924 0.063183 0.0336646
2 0.25696 0.241048 0.102785 0.0500471
2 0.831608 0.187703 0.0296711 0.0299756
2 0.0832159 0.290711 0.0952185 0.0676107
2 0.125445 0.157985 0.0273247 0.039081
2 0.0433483 0.15657 0.040871 0.0320498
2 0.86536 0.180603 0.0259007 0.0266274
2 0.11513 0.143386 0.0256753 0.0272939
2 0.774402 0.140335 0.0304577 0.0255335
2 0.645125 0.113079 0.0342729 0.0258625
2 0.535371 0.0642336 0.0475427 0.0305117
2 0.401554 0.0598765 0.0312942 0.0175208
2 0.605421 0.143344 0.0599876 0.0396224
2 0.466587 0.0549479 0.0293539 0.0154826
2 0.751608 0.117687 0.0227674 0.0191027
2 0.620128 0.123921 0.0495907 0.0325844
2 0.766886 0.126821 0.0272957 0.016339
2 0.115016 0.255298 0.0326374 0.0416841
2 0.047868 0.187525 0.0181031 0.0155317
2 0.577981 0.117562 0.0375908 0.024273
2 0.80643 0.133762 0.0261608 0.0218268
2 0.078787 0.502077 0.157312 0.148283
2 0.626808 0.35667 0.153914 0.118802
2 0.245665 0.238898 0.10425 0.0576167
2 0.777833 0.19901 0.0451786 0.037822
2 0.146377 0.180684 0.0328948 0.0384461
2 0.180237 0.152438 0.0356387 0.0359901
2 0.0699309 0.295716 0.0945523 0.0727478
2 0.493159 0.125904 0.0631227 0.0336446
2 0.834387 0.187659 0.0296173 0.0292846
2 0.12532 0.158061 0.0273118 0.0387521
2 0.0440369 0.156357 0.0392631 0.0322834
2 0.771688 0.141237 0.0315776 0.0244999
2 0.115293 0.14353 0.0260983 0.027374
2 0.867336 0.180282 0.0245644 0.0263429
2 0.535304 0.0643435 0.0476739 0.030672
7 0.604353 0.144652 0.0572229 0.0376169
2 0.643848 0.113008 0.0356627 0.0260422
2 0.401566 0.0600584 0.0308865 0.0173622
2 0.804091 0.133756 0.0261877 0.0216505
2 0.571638 0.116439 0.0498018 0.027933
2 0.765599 0.12688 0.0261255 0.0173654
2 0.749975 0.118247 0.022846 0.0206271
2 0.611749 0.122448 0.0624836 0.0302302
2 0.466304 0.0548645 0.0297192 0.0155298
2 0.103663 0.111199 0.0155178 0.0179588
2 0.858173 0.1457 0.0159073 0.010052
2 0.0478382 0.187614 0.018163 0.015601
2 0.0787539 0.502223 0.157278 0.148456
2 0.607023 0.345284 0.151255 0.114486
2 0.0568396 0.301504 0.0933523 0.0775793
2 0.782349 0.198123 0.0443305 0.0375696
2 0.146439 0.180656 0.0328542 0.0383361
2 0.180265 0.152404 0.0356422 0.0360619
2 0.231194 0.245033 0.0987687 0.0493679
2 0.493233 0.126095 0.063352 0.0334564
2 0.769502 0.14029 0.0323507 0.0259338
2 0.836294 0.186838 0.0303036 0.0283459
2 0.12534 0.158055 0.0274798 0.038777
2 0.0443077 0.156272 0.0398609 0.03269
2 0.115301 0.143533 0.026367 0.0271894
2 0.535351 0.0643701 0.0476204 0.030715
2 0.401743 0.0600868 0.0310955 0.0173441
2 0.641365 0.113102 0.0374338 0.0259505
7 0.606156 0.143319 0.061636 0.0401955
2 0.869244 0.179859 0.0239471 0.0259914
2 0.802549 0.133379 0.0264081 0.0216873
2 0.74876 0.119291 0.0238358 0.0229115
2 0.466375 0.0548812 0.0295763 0.0155728
2 0.57061 0.116011 0.0474868 0.0285412
2 0.248951 0.228498 0.0683244 0.0329028
7 0.609081 0.121656 0.0630922 0.0287804
2 0.762856 0.126535 0.0238148 0.0175332
2 0.812955 0.129106 0.0165672 0.0177104
2 0.884678 0.14609 0.0101549 0.00902723
2 0.0787476 0.502254 0.15725 0.148471
2 0.587517 0.334671 0.148195 0.110128
2 0.0442875 0.308872 0.0878384 0.0775421
2 0.786418 0.19706 0.0433388 0.0367657
2 0.146426 0.180706 0.0327551 0.0382942
2 0.180259 0.15243 0.0356195 0.035982
2 0.21932 0.242726 0.0998287 0.0584448
2 0.493284 0.126043 0.0634354 0.0336145
2 0.768262 0.14019 0.031048 0.0263019
2 0.83987 0.186332 0.0288731 0.0284334
2 0.12533 0.158087 0.0274028 0.0385099
2 0.0446512 0.156157 0.0399749 0.0325182
2 0.115446 0.143491 0.0263071 0.0272285
2 0.53533 0.064313 0.0476006 0.0306271
7 0.60598 0.143979 0.0627339 0.0390483
2 0.800364 0.133117 0.0278961 0.022261
2 0.401687 0.0601235 0.0307962 0.0172797
2 0.870977 0.179714 0.0233505 0.0253513
2 0.639892 0.113241 0.0376783 0.0259941
2 0.746536 0.117881 0.0230562 0.0207527
2 0.760489 0.125918 0.0272034 0.0176945
2 0.4664 0.0548631 0.0296482 0.0155954
2 0.569492 0.116476 0.0449734 0.0277576
7 0.605894 0.122352 0.0634937 0.0300193
2 0.856084 0.145015 0.0161205 0.010579
2 0.88421 0.145661 0.00964375 0.00813023
2 0.0787589 0.502248 0.15726 0.14849
2 0.568863 0.32457 0.144446 0.107652
2 0.0371937 0.317064 0.074376 0.0787088
2 0.206605 0.244807 0.0994903 0.059682
2 0.790726 0.196456 0.0425322 0.0366694
2 0.146418 0.180753 0.0328235 0.0382542
2 0.180227 0.152448 0.0355554 0.0359674
2 0.493319 0.126045 0.0634674 0.0335496
2 0.765259 0.139921 0.0327754 0.0269049
2 0.125288 0.158088 0.0273221 0.0385525
2 0.842146 0.186053 0.0291153 0.0277813
2 0.637735 0.113115 0.0404202 0.0264186
2 0.0447747 0.156076 0.0399889 0.0322838
2 0.872409 0.179706 0.0245922 0.0249984
7 0.605833 0.14326 0.0624008 0.0405301
2 0.798974 0.132708 0.0268074 0.0223467
2 0.115401 0.143482 0.0263067 0.0271641
2 0.535322 0.0643087 0.0476131 0.0305953
2 0.745042 0.117569 0.0244729 0.0201802
2 0.401658 0.0600984 0.0307677 0.0173068
2 0.759203 0.126193 0.0262428 0.017981
2 0.597283 0.122963 0.0516075 0.0317831
2 0.466403 0.0548747 0.0296228 0.0155807
2 0.568775 0.115559 0.0434533 0.0282693
2 0.883766 0.145428 0.0109268 0.00940132
2 0.0787674 0.502266 0.15725 0.148477
2 0.550421 0.314856 0.142431 0.101971
2 0.0292912 0.320374 0.0583758 0.0692626
2 0.194504 0.24709 0.0989366 0.059847
2 0.79555 0.195294 0.0406637 0.0358845
2 0.146368 0.180791 0.0329039 0.0383731
2 0.180225 0.152386 0.0355652 0.0361051
2 0.493316 0.126003 0.063455 0.0334993
2 0.763263 0.140188 0.0328794 0.026267
2 0.845297 0.185714 0.0274027 0.0269104
2 0.874628 0.179413 0.023661 0.0246548
2 0.125329 0.158056 0.0275072 0.0388728
2 0.797295 0.132544 0.0274832 0.0219672
2 0.044675 0.156246 0.0402919 0.032157
2 0.63878 0.113088 0.0371323 0.0261818
2 0.605604 0.143947 0.0615677 0.0391259
2 0.115494 0.143463 0.0263732 0.0271034
2 0.74299 0.11751 0.0239399 0.0205621
2 0.401644 0.0601065 0.0307792 0.0173688
2 0.535321 0.0643035 0.0476256 0.0306198
2 0.59581 0.123913 0.0566427 0.033109
2 0.756864 0.126165 0.0263497 0.0180237
2 0.466387 0.0548725 0.0296072 0.0156128
2 0.568057 0.115591 0.0417837 0.0260294
2 0.104092 0.113102 0.0164049 0.0199045
2 0.0787516 0.502273 0.157243 0.148513
2 0.181737 0.249791 0.0978712 0.0616209
2 0.532779 0.306178 0.139947 0.0994853
2 0.799531 0.194484 0.0394751 0.0351868
2 0.146427 0.180756 0.0328044 0.0383074
2 0.180231 0.152407 0.0355853 0.0359688
2 0.493191 0.125945 0.0632572 0.0336205
2 0.0214201 0.324523 0.0427154 0.0605954
2 0.761212 0.140036 0.0335444 0.0265921
2 0.125286 0.158059 0.0274442 0.0388626
2 0.847582 0.18533 0.0277372 0.0263006
2 0.0447844 0.156206 0.0400746 0.0322118
2 0.605332 0.143547 0.0610457 0.0398813
2 0.795601 0.132386 0.0273901 0.0224031
2 0.87627 0.179164 0.02241 0.0242506
2 0.115478 0.143427 0.026258 0.0270256
2 0.636951 0.112887 0.0369 0.0263957
2 0.53533 0.0642947 0.0476678 0.0306058
2 0.401841 0.0602465 0.0310687 0.0172565
2 0.741286 0.116559 0.0241398 0.0189537
2 0.591831 0.124096 0.0534402 0.0340669
2 0.753917 0.125364 0.0268227 0.0181149
2 0.882144 0.144873 0.00942268 0.00808519
2 0.466393 0.0548807 0.0296204 0.0156057
2 0.852711 0.144103 0.015419 0.0111927
2 0.569019 0.116084 0.0435732 0.0253978
2 0.807315 0.128348 0.0170605 0.0178737
2 0.078737 0.502222 0.157244 0.148388
2 0.515923 0.299069 0.136956 0.0956944
2 0.167289 0.252896 0.0976477 0.0626971
2 0.80422 0.194026 0.0382181 0.0337936
2 0.146455 0.180722 0.0327862 0.0382659
2 0.493262 0.126068 0.0633315 0.033372
2 0.180232 0.15239 0.0356029 0.0360155
2 0.759611 0.140232 0.0323919 0.0262472
2 0.850479 0.184999 0.0257694 0.025507
2 0.125288 0.15807 0.0274973 0.0389525
2 0.0448087 0.156237 0.0399796 0.032125
2 0.604697 0.143405 0.0607543 0.0399423
2 0.877414 0.178915 0.0213354 0.0235525
2 0.0137939 0.329059 0.0274969 0.0512787
2 0.634871 0.112908 0.0396957 0.0262943
2 0.793451 0.132188 0.0287148 0.0227147
2 0.739672 0.116235 0.0238807 0.0193612
2 0.535333 0.0642863 0.0476725 0.0305983
2 0.115496 0.143303 0.0262439 0.0269546
2 0.401844 0.0602257 0.0310985 0.0172823
2 0.752137 0.125383 0.0263117 0.0190088
2 0.588585 0.123905 0.0527901 0.0340389
2 0.567762 0.114354 0.0421444 0.0270468
2 0.466389 0.054882 0.0296169 0.0155949
2 0.88083 0.144133 0.00999145 0.0078756
2 0.0787393 0.502209 0.157253 0.148415
2 0.499293 0.291761 0.134132 0.0922988
2 0.15565 0.256312 0.0950453 0.0640149
2 0.80739 0.193143 0.0364607 0.0337308
2 0.146392 0.180723 0.0328966 0.0382308
2 0.180259 0.152399 0.0356504 0.0360409
2 0.493158 0.126086 0.0631844 0.0334406
2 0.756781 0.139954 0.0338999 0.0263143
2 0.852543 0.184818 0.0252535 0.0250708
2 0.0446825 0.156276 0.0400554 0.0320042
2 0.125304 0.158017 0.0274957 0.0389272
2 0.604237 0.143502 0.0600778 0.0396963
2 0.00598896 0.332885 0.0119164 0.0394534
2 0.115399 0.14305 0.0259316 0.0263345
2 0.635865 0.113124 0.035322 0.025732
2 0.5854 0.12418 0.0527468 0.0342749
2 0.535299 0.064265 0.0476562 0.0305772
2 0.401806 0.0601266 0.0310894 0.0172348
2 0.749136 0.125186 0.0271664 0.0182682
2 0.879293 0.178711 0.0211493 0.0237353
2 0.104571 0.113621 0.0165366 0.0193188
2 0.738734 0.115989 0.0256189 0.0193639
2 0.825544 0.131651 0.0145151 0.0126386
2 0.88034 0.143532 0.00965862 0.00800559
2 0.466384 0.0548887 0.0296402 0.0156063
2 0.0476793 0.187595 0.0183961 0.0157979
2 0.568688 0.113993 0.0443376 0.0271979
2 0.0787513 0.502208 0.157211 0.148423
2 0.483211 0.285728 0.131394 0.0904484
2 0.142351 0.260258 0.0924455 0.0638096
2 0.811026 0.192355 0.0362629 0.032559
2 0.146509 0.180683 0.0326203 0.0380308
2 0.180258 0.152493 0.0355968 0.0359074
2 0.493177 0.126069 0.0633074 0.0334026
2 0.754663 0.140045 0.0345306 0.0263866
2 0.0447162 0.156109 0.0399762 0.0321858
2 0.125302 0.158103 0.0274146 0.0387429
2 0.853897 0.184859 0.027433 0.024318
2 0.605122 0.143269 0.0616223 0.0401487
2 0.881448 0.178777 0.0213688 0.023824
2 0.115513 0.143345 0.0262483 0.0269041
2 0.535299 0.0642869 0.0476555 0.0305613
2 0.632997 0.112944 0.0402117 0.0262763
2 0.590347 0.124105 0.0675434 0.0338667
2 0.401604 0.0602579 0.0306038 0.017179
2 0.747394 0.125715 0.0266588 0.0181637
2 0.104618 0.114803 0.0165796 0.0206963
2 0.466391 0.0548868 0.0296254 0.0156157
2 0.736514 0.116203 0.0245246 0.019628
2 0.569123 0.11353 0.0455632 0.0274358
2 0.823587 0.131539 0.0136883 0.0135
2 0.0476499 0.187609 0.0183963 0.0158137
2 0.879652 0.143337 0.00972595 0.00800762
2 0.0787544 0.502171 0.157248 0.148449
2 0.129615 0.264525 0.092294 0.0648685
2 0.467791 0.280627 0.129374 0.0896836
2 0.814276 0.191747 0.0359297 0.0321154
2 0.146483 0.180662 0.0326055 0.038256
2 0.180262 0.152501 0.0356442 0.0359111
2 0.493126 0.126049 0.0632322 0.0334335
2 0.0446971 0.156118 0.0399201 0.032351
2 0.752241 0.14016 0.0350783 0.026607
2 0.125301 0.158072 0.0274261 0.0388307
2 0.604985 0.143021 0.0609873 0.0405865
2 0.855091 0.184069 0.0277885 0.0244267
2 0.115521 0.143337 0.0256033 0.027001
2 0.63179 0.113075 0.0409921 0.0265852
2 0.53531 0.0642776 0.0476479 0.0305589
2 0.744788 0.125376 0.0269347 0.0189663
2 0.401772 0.0601933 0.0309187 0.0171085
2 0.586996 0.124845 0.0667435 0.0347605
2 0.882898 0.178585 0.0202887 0.0235111
2 0.733311 0.115406 0.0219524 0.0181086
2 0.104664 0.115644 0.016748 0.0227043
2 0.466385 0.0548943 0.0296515 0.0156479
2 0.822291 0.131326 0.0148785 0.0141777
2 0.0476239 0.1876 0.0185157 0.0158548
2 0.569606 0.1147 0.0469677 0.028292
2 0.879124 0.143628 0.0101654 0.00747668
2 0.794236 0.13587 0.0169827 0.0145926
2 0.0787611 0.502236 0.157156 0.148623
2 0.116131 0.268497 0.0922552 0.068
2 0.452401 0.275284 0.126347 0.0877829
2 0.180378 0.152321 0.0353389 0.0356259
2 0.818506 0.190865 0.0351357 0.031892
2 0.146385 0.181179 0.0323884 0.0388934
2 0.493349 0.125977 0.0632866 0.0335652
2 0.750221 0.139542 0.0351659 0.027081
2 0.125462 0.15818 0.0275604 0.038893
2 0.0449829 0.155653 0.0393708 0.0332763
2 0.859573 0.183532 0.0228851 0.0238053
2 0.603839 0.143519 0.0591514 0.0399574
2 0.630527 0.112702 0.0424812 0.027041
2 0.58586 0.12472 0.068194 0.0337993
2 0.742167 0.124968 0.027924 0.0193222
2 0.115744 0.143511 0.0265077 0.0267738
2 0.535355 0.0643918 0.0478331 0.0308283
2 0.733992 0.115531 0.025897 0.0190868
2 0.10488 0.115231 0.0166895 0.0250707
2 0.401758 0.0599496 0.0305799 0.0175317
2 0.466534 0.0549609 0.0293037 0.015226
2 0.570984 0.11327 0.0491348 0.0277331
2 0.786424 0.132041 0.0296315 0.0218522
2 0.0478229 0.187582 0.0183654 0.0154641
2 0.845855 0.140647 0.0158207 0.0166194
2 0.877494 0.14314 0.00951538 0.00707788
2 0.821124 0.131389 0.0181578 0.0152757
2 0.858666 0.14276 0.00974274 0.00772622
2 0.0787678 0.502198 0.157129 0.148547
2 0.437912 0.270717 0.124143 0.0846792
2 0.102444 0.271332 0.0896079 0.0736093
2 0.180403 0.152356 0.03538 0.035479
2 0.146352 0.180945 0.0324223 0.0382828
2 0.493378 0.125998 0.0633369 0.0335028
2 0.821262 0.190502 0.0336113 0.0309372
2 0.748423 0.139524 0.0353415 0.0274971
2 0.0449416 0.155778 0.0394289 0.0329071
2 0.861325 0.183469 0.0225838 0.0233487
2 0.125461 0.158137 0.0276311 0.0390923
2 0.602718 0.14357 0.0598179 0.0398918
2 0.582488 0.125637 0.0668842 0.0361894
2 0.629576 0.112823 0.0418764 0.0267283
2 0.740006 0.124885 0.0271929 0.019562
2 0.535341 0.064375 0.0478204 0.0307314
2 0.115718 0.143521 0.026574 0.0266987
2 0.466543 0.0549388 0.0292927 0.0151498
2 0.40169 0.059948 0.0304592 0.0174623
2 0.0478511 0.187521 0.0181982 0.0154351
2 0.732474 0.115125 0.0263622 0.0187336
2 0.843927 0.140412 0.0161768 0.0164255
2 0.784499 0.131434 0.0287716 0.0228893
7 0.88489 0.178271 0.0196285 0.0231237
2 0.10497 0.115094 0.016474 0.0241008
2 0.570741 0.112462 0.0486673 0.0245657
2 0.0787238 0.502276 0.157143 0.14861
2 0.42375 0.266179 0.121961 0.0827224
2 0.180364 0.152333 0.0352905 0.035494
2 0.49341 0.126009 0.0634203 0.0335938
2 0.0884151 0.274344 0.0883238 0.0789421
2 0.146348 0.180979 0.0324157 0.0383892
2 0.824947 0.189559 0.0323504 0.0301675
2 0.746312 0.139518 0.035176 0.0274924
2 0.1254 0.158009 0.0274453 0.0391163
2 0.0449208 0.155777 0.0393936 0.0329369
2 0.603058 0.143074 0.0577435 0.0408806
2 0.628983 0.112685 0.0420655 0.027001
2 0.863326 0.182893 0.0225344 0.0232629
2 0.580468 0.126921 0.0693478 0.0397004
2 0.737595 0.124805 0.0283451 0.02078
2 0.535337 0.0643592 0.0478067 0.0307934
2 0.115617 0.143639 0.0265242 0.0268847
2 0.843696 0.140814 0.0166088 0.0159099
2 0.0478726 0.187514 0.0181932 0.0154115
2 0.783196 0.130626 0.0298004 0.0239499
2 0.729424 0.114968 0.0246108 0.0188171
2 0.466556 0.0549348 0.0292661 0.0151516
2 0.401745 0.060033 0.030514 0.0172821
2 0.886911 0.178081 0.0194698 0.0233092
2 0.105149 0.115018 0.0163196 0.0238795
2 0.570918 0.111407 0.0491821 0.0224666
2 0.821051 0.131266 0.018644 0.0155076
2 0.0787499 0.502102 0.157166 0.148516
2 0.410208 0.262347 0.11929 0.0812982
2 0.180333 0.152301 0.035366 0.0355425
2 0.0721806 0.288361 0.086275 0.0652853
2 0.493339 0.125987 0.0632378 0.0335725
2 0.146609 0.181254 0.0318281 0.0389926
2 0.828119 0.188817 0.0317127 0.0304384
2 0.743487 0.139562 0.0372651 0.0277774
2 0.125338 0.157982 0.0273093 0.0391633
2 0.0449478 0.155853 0.0395111 0.0327017
2 0.602249 0.142981 0.0550479 0.0410769
2 0.628106 0.112985 0.0430649 0.0276104
2 0.865169 0.182688 0.0207085 0.022188
2 0.735164 0.124629 0.0279846 0.0205611
2 0.115623 0.143463 0.0262534 0.0267483
2 0.535333 0.0643638 0.047788 0.0307972
2 0.577788 0.127442 0.0677702 0.040244
2 0.401796 0.0600126 0.0307608 0.017338
2 0.466548 0.0549377 0.0292852 0.015152
2 0.728177 0.114395 0.0253611 0.0180891
2 0.104994 0.115567 0.0168843 0.024141
2 0.0478675 0.187526 0.0181738 0.0154173
2 0.840712 0.140274 0.015823 0.0149655
7 0.781365 0.131242 0.029678 0.0235759
2 0.819975 0.130821 0.0210163 0.0158685
2 0.0787476 0.50209 0.157168 0.14857
2 0.396276 0.258696 0.117446 0.0795255
2 0.0608509 0.292767 0.0874943 0.0702508
2 0.180348 0.152231 0.0354307 0.0356274
2 0.493284 0.126029 0.0631263 0.0334882
2 0.146535 0.181466 0.0320334 0.0385333
2 0.741251 0.139319 0.0373462 0.0277467
2 0.831232 0.188474 0.0310581 0.0293495
2 0.125326 0.157996 0.0272849 0.039174
2 0.0449768 0.155863 0.0395012 0.0326334
2 0.603381 0.142859 0.0579266 0.0413564
2 0.627594 0.113009 0.0425592 0.0276805
2 0.575201 0.127371 0.0691528 0.0397487
2 0.779599 0.130826 0.0300661 0.024764
2 0.115485 0.143488 0.0263742 0.0267249
2 0.535344 0.0643343 0.0477556 0.030829
2 0.866666 0.182491 0.021439 0.0219723
2 0.732578 0.124798 0.0279238 0.0196912
2 0.401758 0.0600302 0.0307036 0.0173586
2 0.104997 0.117062 0.0169547 0.0255638
2 0.840647 0.140126 0.0173168 0.0148119
2 0.0477701 0.187583 0.018347 0.0154821
2 0.466568 0.0548924 0.0292458 0.0152099
2 0.727805 0.114378 0.0281591 0.0182122
2 0.0787113 0.502244 0.157159 0.148742
2 0.382774 0.255443 0.115688 0.0782946
2 0.0451978 0.29948 0.0892789 0.0724088
2 0.180367 0.152275 0.0353916 0.0356151
2 0.493185 0.126017 0.0629618 0.0335858
2 0.146671 0.181876 0.0315013 0.0380127
2 0.739299 0.139391 0.0377691 0.0279814
2 0.125301 0.158098 0.0272539 0.0392003
2 0.834034 0.187813 0.0309319 0.0293838
2 0.627268 0.112933 0.0435341 0.0270097
2 0.602148 0.142843 0.0544792 0.0414174
2 0.0449286 0.155939 0.0395849 0.0327585
2 0.57345 0.127423 0.0703239 0.0400064
2 0.777933 0.130738 0.0305994 0.0247891
2 0.11563 0.143673 0.0262414 0.0264318
2 0.535356 0.0643293 0.0477692 0.0307915
2 0.868727 0.182007 0.0202942 0.0212691
2 0.729977 0.124886 0.0282162 0.0199609
2 0.401877 0.0601084 0.0309477 0.0172619
2 0.839003 0.140122 0.0185642 0.0149272
2 0.46659 0.0549718 0.0292349 0.0152776
2 0.105129 0.116892 0.0170817 0.0256726
2 0.0477667 0.187594 0.0183539 0.0154904
2 0.818148 0.13074 0.021067 0.0162479
2 0.726748 0.114169 0.0287566 0.0184936
2 0.0787512 0.502064 0.157199 0.148659
2 0.369818 0.252568 0.114042 0.0765115
2 0.0375236 0.30717 0.0749359 0.0730334
2 0.180368 0.152267 0.0353988 0.0356239
2 0.493294 0.126038 0.0630969 0.0335444
2 0.146485 0.182476 0.0316844 0.0390191
2 0.73767 0.139083 0.037322 0.028457
2 0.125308 0.158088 0.0273235 0.0392439
2 0.83724 0.1874 0.0295292 0.0286602
2 0.602637 0.142953 0.056543 0.041194
2 0.776125 0.130682 0.0310289 0.0246696
2 0.0449835 0.155844 0.0396544 0.0329063
2 0.570328 0.127789 0.067647 0.0394696
2 0.626916 0.112964 0.0435267 0.0273015
2 0.115621 0.14354 0.026345 0.0265492
2 0.535357 0.0643138 0.0477818 0.0308197
2 0.727737 0.124879 0.0298603 0.0198744
2 0.401905 0.0599787 0.0310601 0.0174484
2 0.870612 0.181577 0.0201759 0.0215735
2 0.838528 0.140008 0.0211193 0.0150054
2 0.0477647 0.187596 0.0183454 0.0154802
2 0.466573 0.0549195 0.0292507 0.0151979
2 0.81731 0.130544 0.0215174 0.0162627
2 0.724165 0.114186 0.02682 0.0182251
2 0.10515 0.118224 0.0172046 0.0275314
7 0.892466 0.177387 0.018479 0.0215355
2 0.0787226 0.50207 0.157147 0.148606
2 0.357453 0.249898 0.111337 0.0754183
2 0.180372 0.152278 0.0353667 0.0355409
2 0.0299941 0.310159 0.0599554 0.0642281
2 0.493234 0.126114 0.0628563 0.0334248
2 0.735046 0.138959 0.0384684 0.02841
2 0.146805 0.182985 0.0309865 0.0394025
2 0.125298 0.157989 0.027255 0.0391063
2 0.603519 0.143073 0.0585316 0.0408515
2 0.839223 0.186915 0.0310509 0.0276797
2 0.568572 0.127983 0.0698233 0.0392804
2 0.0450995 0.155834 0.0396488 0.0328513
2 0.774306 0.130261 0.0309069 0.0242587
2 0.626594 0.112956 0.0429945 0.0269541
2 0.725691 0.12453 0.0302713 0.0210768
2 0.115629 0.143378 0.0262645 0.0265121
2 0.535365 0.06432 0.0477774 0.0307923
2 0.872682 0.181408 0.0218754 0.0210813
2 0.401778 0.0600514 0.0308231 0.0172884
2 0.466582 0.0549687 0.0292452 0.0153166
2 0.0477496 0.187613 0.0183552 0.0155092
2 0.816712 0.130618 0.0214977 0.0170327
2 0.834526 0.139794 0.0199627 0.0153554
7 0.893747 0.177511 0.0180374 0.0213359
2 0.842763 0.139607 0.0243481 0.0148337
2 0.0787281 0.502045 0.157203 0.148578
2 0.344679 0.247812 0.110022 0.0746052
2 0.180354 0.152255 0.0354153 0.0355713
2 0.493029 0.126062 0.0624659 0.0334
2 0.0225239 0.313617 0.044912 0.0570452
2 0.732639 0.13894 0.0389915 0.029536
2 0.146935 0.183029 0.0306092 0.0388497
2 0.567398 0.12825 0.0715985 0.0394922
2 0.125268 0.15798 0.0271338 0.0390558
2 0.602765 0.143394 0.0573669 0.0402084
2 0.0450138 0.155829 0.0394873 0.0328654
2 0.772761 0.130024 0.0317776 0.0243809
2 0.841008 0.186432 0.0317793 0.0272728
2 0.723055 0.12444 0.0302322 0.020895
2 0.62605 0.112893 0.0426529 0.0268533
2 0.115737 0.143681 0.0268172 0.0269413
2 0.535349 0.0643073 0.0477657 0.0307276
2 0.873121 0.180767 0.0217838 0.0219903
2 0.401882 0.060056 0.0310234 0.0172485
2 0.815095 0.130696 0.0225771 0.0176714
2 0.466592 0.0549605 0.0292306 0.0153293
2 0.0477891 0.187644 0.0182438 0.0155123
2 0.833666 0.139672 0.0181919 0.0153484
2 0.105612 0.118896 0.0166326 0.0258094
2 0.0787019 0.502159 0.157167 0.14861
2 0.33204 0.245835 0.108699 0.0722798
2 0.180348 0.152264 0.0354311 0.0356716
2 0.493172 0.126057 0.0627382 0.0333699
2 0.730608 0.138676 0.0395634 0.0296048
2 0.147195 0.184054 0.0300889 0.0398905
2 0.0154947 0.318234 0.0309615 0.0480226
2 0.602143 0.143298 0.0565975 0.0404567
2 0.125331 0.157931 0.0273022 0.039319
2 0.0450481 0.155958 0.0396361 0.0326304
2 0.771267 0.129842 0.0322496 0.0242468
2 0.625731 0.112828 0.0433748 0.0265791
2 0.844394 0.185978 0.0306072 0.0268764
2 0.566231 0.128502 0.073136 0.0393221
2 0.11512 0.143841 0.0255933 0.0261423
2 0.535305 0.0644113 0.0476913 0.0309526
2 0.8329 0.13984 0.0173018 0.0146736
2 0.874853 0.180617 0.021064 0.0210642
2 0.720644 0.12441 0.0309986 0.0210853
2 0.40179 0.0600411 0.0308048 0.0173779
2 0.105598 0.118175 0.017199 0.0254967
2 0.46658 0.054964 0.0292482 0.0153216
2 0.0477856 0.187657 0.0182458 0.0155225
2 0.846944 0.139396 0.0161409 0.0130095
2 0.814286 0.130549 0.022043 0.0176633
2 0.0787845 0.50228 0.157218 0.148581
2 0.319285 0.244151 0.107318 0.0718931
2 0.180373 0.152106 0.0354147 0.0363507
2 0.492893 0.126 0.0623436 0.0333069
2 0.147125 0.184886 0.0301344 0.0415507
2 0.728888 0.138853 0.0399298 0.0294431
2 0.603373 0.143192 0.0597405 0.0405485
2 0.12557 0.158131 0.0277326 0.0394386
2 0.0450705 0.155934 0.0391554 0.0324876
2 0.848317 0.185496 0.0273685 0.0258482
2 0.564907 0.128535 0.074733 0.0397257
2 0.769031 0.130109 0.0323209 0.0245471
2 0.114893 0.143975 0.0254003 0.0264381
2 0.625551 0.112898 0.0435364 0.0268029
2 0.105718 0.119151 0.0171287 0.0269589
2 0.535329 0.0642299 0.0476791 0.0310385
2 0.402034 0.0600914 0.0313249 0.0173035
2 0.831876 0.139587 0.0159765 0.0153776
2 0.0071495 0.322419 0.014287 0.0444452
2 0.46624 0.0549696 0.0299316 0.0152746
2 0.718248 0.124357 0.0339922 0.0216954
2 0.874489 0.180083 0.0236364 0.0213191
2 0.0477787 0.187679 0.0181124 0.0156399
2 0.845792 0.138503 0.0139143 0.0124751
2 0.812515 0.130561 0.0213787 0.0180446
2 0.0787637 0.502234 0.157194 0.1486
2 0.30679 0.242328 0.106504 0.0705225
2 0.180381 0.152249 0.0354299 0.0362441
2 0.493708 0.12599 0.0640812 0.0333374
2 0.147168 0.184987 0.0300747 0.0415224
2 0.726491 0.138663 0.0401182 0.0297891
2 0.125679 0.15836 0.0279238 0.0394079
2 0.603292 0.143207 0.0593324 0.0405231
2 0.0450542 0.155959 0.0390673 0.0325789
2 0.850772 0.184855 0.0263855 0.0254363
2 0.625588 0.112923 0.0431716 0.0268033
2 0.114978 0.143999 0.0256461 0.0262195
2 0.563291 0.128474 0.0744421 0.0398462
2 0.76708 0.129928 0.0327909 0.024743
2 0.535348 0.06422 0.0476212 0.0309842
2 0.402041 0.060116 0.0313108 0.0170899
2 0.105964 0.119197 0.0173821 0.0268279
2 0.716284 0.12425 0.0349303 0.0210588
2 0.466246 0.0549963 0.0300791 0.0151673
2 0.829847 0.139167 0.0165497 0.0160853
2 0.0478985 0.18762 0.0180981 0.015576
2 0.877393 0.179935 0.0218792 0.0215672
2 0.808399 0.129163 0.0155319 0.0158386
2 0.078818 0.502154 0.157066 0.148562
2 0.294637 0.241608 0.105132 0.0695139
2 0.180296 0.15205 0.0357306 0.0363069
2 0.724582 0.138654 0.0407087 0.0303285
2 0.493658 0.125974 0.063982 0.033258
2 0.147375 0.185723 0.0296504 0.041884
2 0.12568 0.158399 0.0283362 0.0399779
2 0.85415 0.184982 0.025016 0.0252802
2 0.559863 0.129097 0.0724955 0.0405904
2 0.602999 0.14309 0.0576023 0.0407752
2 0.0449517 0.155981 0.039026 0.0328366
2 0.62566 0.112865 0.0429454 0.0271311
2 0.114825 0.143951 0.0254262 0.0263686
2 0.535313 0.0643457 0.0475554 0.0308515
2 0.765537 0.130015 0.0328758 0.0246515
2 0.105921 0.11933 0.0179605 0.0270231
2 0.401847 0.0600947 0.0310417 0.0170597
2 0.0479268 0.187608 0.0181667 0.0155139
2 0.466602 0.054832 0.0294424 0.0153101
7 0.878903 0.179621 0.0190865 0.0213778
2 0.787062 0.125496 0.0160432 0.0174205
2 0.807635 0.128478 0.0157946 0.0161989
2 0.713519 0.121244 0.0342655 0.0282966
2 0.828563 0.138192 0.01607 0.0159067
2 0.904082 0.156036 0.0145012 0.0100102
2 0.0788809 0.501991 0.157125 0.148383
2 0.282626 0.240232 0.104285 0.0674801
2 0.180323 0.152106 0.0357892 0.0362131
2 0.493421 0.126018 0.0635414 0.0331928
2 0.722407 0.138598 0.0409298 0.0312355
2 0.147092 0.186177 0.0291423 0.0413469
2 0.125384 0.158429 0.027637 0.0399968
2 0.0449274 0.155711 0.0391494 0.0334527
2 0.60304 0.143174 0.0579185 0.0408961
2 0.856381 0.184449 0.0248772 0.0248428
2 0.625723 0.112889 0.0430614 0.0268479
2 0.558637 0.129376 0.0728521 0.0410511
2 0.763754 0.129812 0.0332417 0.0246904
2 0.114741 0.144037 0.0255505 0.0262712
2 0.535293 0.0643085 0.0475569 0.0307986
2 0.105993 0.119631 0.0182962 0.0280191
2 0.401865 0.0602704 0.030919 0.0169268
2 0.466569 0.054838 0.029502 0.0152427
2 0.00677174 0.73714 0.0133107 0.0955511
7 0.880712 0.1796 0.0202232 0.0211324
2 0.824764 0.138055 0.021134 0.0168044
2 0.842375 0.136993 0.0171089 0.0117181
2 0.712554 0.123768 0.0373601 0.0231594
2 0.0478269 0.187627 0.0183481 0.0155932
2 0.783891 0.125103 0.0208214 0.0174265
2 0.806638 0.128674 0.0143194 0.0163967
2 0.0788892 0.501995 0.157145 0.148354
2 0.270586 0.239884 0.102196 0.0668972
2 0.180358 0.152118 0.0358664 0.0361178
2 0.146834 0.186513 0.0290421 0.0411295
2 0.493217 0.126042 0.0631383 0.0331486
2 0.720031 0.1382 0.0415022 0.0322851
2 0.858926 0.183939 0.0241247 0.0244004
2 0.125566 0.158817 0.0280369 0.040453
2 0.557457 0.129513 0.0729986 0.0415646
2 0.0449995 0.155548 0.0391404 0.0335613
2 0.6032 0.143329 0.0582575 0.0405656
2 0.625531 0.112929 0.0428656 0.0267836
2 0.115 0.143747 0.0249798 0.0261083
2 0.535307 0.0643357 0.0475388 0.0308027
2 0.823045 0.138252 0.0210518 0.0176229
2 0.0103423 0.728628 0.020464 0.104835
2 0.761991 0.129513 0.0340189 0.0251782
2 0.841228 0.136855 0.0162989 0.0111881
2 0.466573 0.0548329 0.0294941 0.0152414
2 0.781713 0.125118 0.0223748 0.0179226
2 0.401975 0.0601318 0.0314587 0.0168871
2 0.0478685 0.187674 0.0182621 0.0156568
7 0.882131 0.179296 0.0182755 0.0209114
2 0.805566 0.128117 0.0157272 0.0163291
2 0.106058 0.119193 0.0184721 0.0264866
2 0.71017 0.123637 0.038246 0.0240788
2 0.885837 0.146687 0.0101158 0.00886955
2 0.0789468 0.501984 0.15698 0.148357
2 0.25882 0.239324 0.101227 0.0660488
2 0.180343 0.152111 0.0358742 0.0362075
2 0.492548 0.126048 0.0618573 0.0332186
2 0.718315 0.138022 0.0423002 0.0318727
2 0.146324 0.187195 0.028819 0.0417617
2 0.86137 0.18382 0.0236568 0.0238404
2 0.555343 0.129554 0.0718063 0.0417946
2 0.125548 0.158893 0.028213 0.0410928
2 0.602838 0.143061 0.0576586 0.0407514
2 0.0450041 0.155626 0.0390984 0.0333434
2 0.625558 0.112995 0.0430111 0.0269491
2 0.760186 0.129582 0.0340361 0.0253956
2 0.115016 0.143998 0.0246799 0.0267084
2 0.535322 0.0643603 0.0475611 0.0307624
2 0.822483 0.137577 0.0195488 0.0173135
2 0.840294 0.136815 0.0162525 0.0111009
2 0.106327 0.119745 0.017676 0.0275271
2 0.466559 0.0548418 0.029512 0.0152302
2 0.402125 0.0602002 0.0317572 0.0168094
2 0.8838 0.179206 0.0188736 0.0205009
2 0.0477295 0.187655 0.0185008 0.015595
2 0.0139105 0.726307 0.0276643 0.135801
2 0.80547 0.128256 0.0179251 0.0169988
2 0.705481 0.124638 0.034234 0.0224657
2 0.780931 0.126048 0.0211712 0.0157008
2 0.577123 0.113432 0.0396964 0.0225678
2 0.0797637 0.50194 0.155352 0.148288
2 0.24691 0.23924 0.0998853 0.0654434
2 0.180377 0.152117 0.0358849 0.0357407
2 0.716146 0.138406 0.0422798 0.0326367
2 0.146248 0.187575 0.0290453 0.041831
2 0.492079 0.126094 0.0609074 0.0331136
2 0.554636 0.129731 0.0731261 0.0416114
2 0.603045 0.143026 0.058068 0.0409351
2 0.0449602 0.155638 0.0391106 0.0335329
2 0.125676 0.158956 0.0279644 0.0408672
2 0.0169673 0.721479 0.033739 0.136681
2 0.625617 0.113029 0.0430232 0.0272269
2 0.863822 0.183157 0.0229488 0.0230512
2 0.758467 0.129458 0.0338853 0.0251077
2 0.535329 0.0643737 0.0475364 0.0307383
2 0.821824 0.137591 0.0194612 0.0180527
2 0.839183 0.136488 0.0165821 0.0117696
2 0.115321 0.144238 0.0257099 0.0279895
2 0.106165 0.119649 0.0174784 0.0269087
2 0.402119 0.0601964 0.0317174 0.016751
2 0.466533 0.0548388 0.0295177 0.0153025
2 0.805225 0.127861 0.0183334 0.0163684
7 0.884881 0.17897 0.0185535 0.0205786
2 0.0477699 0.187631 0.0183865 0.0156104
2 0.703202 0.123619 0.0337095 0.0242577
2 0.584325 0.1145 0.0257353 0.0210773
2 0.779374 0.124545 0.0221248 0.0172812
2 0.0791967 0.50196 0.156503 0.148339
2 0.234644 0.239733 0.098708 0.0646982
2 0.180558 0.152269 0.0358381 0.0355862
2 0.146441 0.188127 0.0284644 0.0416337
2 0.71445 0.138415 0.0427599 0.0321039
2 0.492218 0.126057 0.0611855 0.0331646
2 0.0201795 0.717782 0.0401449 0.136324
2 0.125908 0.159352 0.0279077 0.0401526
2 0.602816 0.142988 0.0573864 0.041088
2 0.866162 0.182796 0.0225109 0.0225774
2 0.553664 0.129651 0.0743469 0.0411457
2 0.0449899 0.155754 0.0391432 0.0330156
2 0.625709 0.113021 0.0429522 0.0271749
2 0.821277 0.137289 0.0204556 0.0186131
2 0.535257 0.0643402 0.0473874 0.0307496
2 0.115374 0.143997 0.0250527 0.0267164
2 0.756884 0.129059 0.0340652 0.0256355
2 0.837874 0.136447 0.0160044 0.0120197
2 0.00871524 0.467199 0.017352 0.0470893
2 0.466516 0.0548509 0.0294676 0.0153153
2 0.402031 0.0602466 0.0313721 0.0167841
2 0.886101 0.179278 0.0191433 0.0205592
2 0.803529 0.127784 0.0164394 0.0166901
2 0.577339 0.114138 0.0392662 0.0236393
2 0.106661 0.12048 0.0183535 0.0279201
2 0.700384 0.123866 0.0338764 0.0238847
2 0.0477615 0.187626 0.0184073 0.0155333
