2 0.0787868 0.501983 0.157354 0.1483
2 0.780023 0.458558 0.168164 0.144776
2 0.447082 0.274136 0.136075 0.092167
2 0.209495 0.247653 0.0989429 0.0594633
2 0.657463 0.204972 0.101154 0.0566255
2 0.277219 0.166135 0.0556444 0.0390912
2 0.47102 0.190308 0.0959694 0.0503956
2 0.492989 0.125995 0.0627008 0.0334462
2 0.146198 0.181213 0.0330363 0.0399577
2 0.180305 0.152679 0.0358826 0.0356512
2 0.681455 0.137585 0.0466489 0.0341252
2 0.746343 0.118259 0.0246122 0.0202376
2 0.535309 0.0644314 0.0477479 0.0307856
2 0.76536 0.128195 0.0334635 0.0251359
2 0.61469 0.114313 0.0452455 0.0265937
2 0.125216 0.157944 0.0277133 0.0398508
2 0.0477047 0.18758 0.0189908 0.0154212
2 0.860338 0.148591 0.0194855 0.0188521
2 0.466815 0.05493 0.0287659 0.0153117
2 0.758669 0.442646 0.166859 0.141404
2 0.0787411 0.502145 0.157316 0.148452
2 0.434249 0.270011 0.133158 0.0907214
2 0.483699 0.19144 0.0961012 0.0505929
2 0.196058 0.249578 0.098187 0.0606092
2 0.667754 0.205154 0.099414 0.0564509
2 0.28289 0.167238 0.0590164 0.0393002
2 0.180317 0.152687 0.0358779 0.0355762
2 0.492955 0.126013 0.0626202 0.0334477
2 0.146097 0.181321 0.0332065 0.0400776
2 0.67895 0.137617 0.0466129 0.0342368
2 0.612336 0.114696 0.0469588 0.0264615
2 0.761611 0.127796 0.0361707 0.0254272
2 0.744114 0.118095 0.0250004 0.0199121
2 0.535295 0.0644275 0.0477366 0.0307932
2 0.12518 0.158016 0.0276724 0.0397797
2 0.0477552 0.187588 0.0188794 0.0154252
2 0.858898 0.148242 0.0207371 0.0195588
2 0.466828 0.0549535 0.0287819 0.0152928
2 0.114772 0.144173 0.0258682 0.0283477
2 0.0787681 0.502005 0.157341 0.14834
2 0.737369 0.428142 0.166595 0.138652
2 0.421351 0.266034 0.131566 0.089304
2 0.49731 0.193208 0.0976034 0.0499925
2 0.677355 0.204938 0.0963388 0.0564453
2 0.18303 0.252189 0.0971558 0.0622735
2 0.290053 0.168228 0.0609166 0.0410172
2 0.180308 0.152712 0.035867 0.0355296
2 0.146077 0.181365 0.0332174 0.040107
2 0.492967 0.126054 0.0626692 0.0333761
2 0.675698 0.137942 0.0481773 0.033773
2 0.610021 0.11485 0.0465101 0.0264246
2 0.758931 0.127455 0.0357441 0.0259917
2 0.7415 0.117851 0.024697 0.0204812
2 0.535285 0.0644226 0.0477369 0.030764
2 0.125199 0.158006 0.0276411 0.0397578
2 0.0477576 0.187584 0.0189066 0.015435
7 0.858511 0.148385 0.0183281 0.0195876
2 0.46682 0.0549415 0.0287758 0.015341
2 0.114802 0.144173 0.0259124 0.0283394
2 0.0787665 0.502017 0.157332 0.148375
2 0.717182 0.413469 0.164325 0.13426
2 0.408767 0.262373 0.129742 0.0872657
2 0.510433 0.194402 0.0975025 0.0500485
2 0.68689 0.205236 0.0941132 0.0554267
2 0.167665 0.255306 0.0992815 0.0626315
2 0.297392 0.169368 0.0628819 0.0416939
2 0.180321 0.152717 0.0358599 0.035496
2 0.492942 0.126072 0.0626127 0.0333689
2 0.146075 0.18136 0.0332074 0.0400453
2 0.673849 0.138127 0.0479665 0.0342164
2 0.755473 0.127216 0.0372469 0.0258027
2 0.5353 0.0644479 0.0477102 0.0307976
2 0.738843 0.116966 0.0243244 0.0188601
2 0.607907 0.115224 0.0464903 0.0259451
2 0.125039 0.15812 0.0274354 0.0395474
2 0.0477449 0.187578 0.0189579 0.0153859
2 0.466813 0.0549426 0.0287767 0.0153336
7 0.857037 0.14837 0.0185387 0.0193864
2 0.114751 0.144157 0.0258399 0.0283228
2 0.0787606 0.502001 0.157372 0.148418
2 0.697112 0.399315 0.162722 0.13028
2 0.396542 0.259135 0.127345 0.0861722
2 0.695689 0.205018 0.0909176 0.0554153
2 0.304715 0.170423 0.0655033 0.0427096
2 0.523535 0.196155 0.0969921 0.0495054
2 0.155979 0.258514 0.0946379 0.0635955
2 0.180297 0.152625 0.0358559 0.0354944
2 0.492967 0.126038 0.0626766 0.0333653
2 0.146057 0.181317 0.0332886 0.0400927
2 0.671318 0.138354 0.0475747 0.0346986
2 0.605282 0.114873 0.0466248 0.026903
2 0.754033 0.127047 0.0352329 0.0262586
2 0.736649 0.116577 0.0232334 0.0188828
2 0.535259 0.0643832 0.0476316 0.0306948
2 0.125105 0.158038 0.0274888 0.0397659
2 0.0477603 0.187597 0.0189007 0.0153913
2 0.466806 0.0549309 0.028791 0.0153283
2 0.114756 0.144208 0.0258536 0.0284265
2 0.678418 0.386834 0.159746 0.124673
2 0.0787511 0.502022 0.157361 0.148411
2 0.384508 0.256715 0.124784 0.0841193
2 0.142305 0.261978 0.0926494 0.0638116
2 0.53638 0.197517 0.0976601 0.0507714
2 0.313125 0.171417 0.0684216 0.043438
2 0.704668 0.20478 0.0884735 0.0551575
2 0.180308 0.152603 0.0358539 0.0354533
2 0.146084 0.18133 0.0332324 0.040122
2 0.492986 0.126049 0.0626621 0.0333733
2 0.668948 0.138387 0.0483968 0.0348031
2 0.734162 0.116269 0.0240078 0.0184303
2 0.751409 0.126737 0.0353591 0.0258556
2 0.98868 0.615031 0.0221897 0.08823
2 0.602724 0.11514 0.0469414 0.0260021
2 0.535253 0.0643471 0.0476244 0.0307457
2 0.125138 0.158154 0.0276275 0.0395632
2 0.0476671 0.187531 0.0190799 0.015307
2 0.466806 0.0549256 0.028796 0.0153284
2 0.114705 0.144201 0.0257866 0.028349
2 0.827897 0.131376 0.0185022 0.0154601
2 0.0787501 0.502022 0.157357 0.148451
2 0.660141 0.374219 0.157721 0.119125
2 0.372409 0.253791 0.123228 0.0836779
2 0.549286 0.197878 0.0981583 0.0510426
2 0.128862 0.266158 0.0920022 0.067449
2 0.321786 0.173004 0.0702476 0.0440056
2 0.71263 0.205127 0.0842488 0.0530486
2 0.180304 0.152586 0.0358193 0.035444
2 0.146053 0.181278 0.0332929 0.0400012
2 0.492994 0.126048 0.0626308 0.0334705
2 0.666047 0.138433 0.0491164 0.0351769
2 0.747972 0.126775 0.0361768 0.026183
2 0.731724 0.115807 0.0239031 0.0175066
2 0.535263 0.0643499 0.047609 0.0307461
2 0.125207 0.15811 0.027656 0.0397053
2 0.0477313 0.187551 0.0189622 0.0153536
2 0.606136 0.116499 0.0365545 0.0232652
2 0.114688 0.144144 0.0254557 0.028141
2 0.466797 0.0549283 0.0288067 0.0153162
2 0.825745 0.130096 0.0181545 0.0149887
2 0.078719 0.502172 0.157325 0.148594
2 0.641845 0.36361 0.157156 0.114305
2 0.360321 0.251748 0.121694 0.0820931
2 0.114372 0.269913 0.0917138 0.0704893
2 0.561435 0.198995 0.096814 0.0512876
2 0.33062 0.17389 0.0734459 0.0464551
2 0.180305 0.152628 0.0358238 0.0354685
2 0.720759 0.204865 0.0812685 0.0530708
2 0.492977 0.126038 0.0625893 0.0335243
2 0.146107 0.181332 0.0331746 0.0399546
2 0.662897 0.138413 0.0502383 0.035638
2 0.598168 0.115115 0.0480444 0.0266987
2 0.745373 0.1262 0.0369546 0.0271289
2 0.72927 0.115749 0.0247616 0.0181499
2 0.535257 0.0643695 0.0476091 0.0307673
2 0.125169 0.158148 0.0274448 0.0395764
2 0.0477401 0.187577 0.0189352 0.0153877
2 0.852048 0.147276 0.0186787 0.0194745
2 0.114692 0.144202 0.0255347 0.0282468
2 0.87871 0.143275 0.00821533 0.00763194
2 0.466811 0.0549242 0.028833 0.0152674
2 0.0787156 0.502161 0.157316 0.148581
2 0.625235 0.352464 0.152631 0.109896
2 0.348604 0.249275 0.120121 0.0802837
2 0.573856 0.200413 0.0972004 0.0506696
2 0.180344 0.15262 0.0358511 0.0354965
2 0.146147 0.181342 0.0331181 0.0399822
2 0.340424 0.175109 0.0755753 0.0477828
2 0.493036 0.126107 0.0626623 0.033436
2 0.660708 0.13868 0.0504269 0.035555
2 0.0999881 0.276719 0.091414 0.066162
2 0.5968 0.115291 0.0473079 0.026466
2 0.727425 0.204857 0.0772516 0.052099
2 0.742632 0.126312 0.0375988 0.0271513
2 0.727385 0.114919 0.0252395 0.017354
2 0.125141 0.158161 0.0274011 0.0393497
2 0.535254 0.0643415 0.0476022 0.0308032
2 0.0476553 0.187596 0.0190823 0.0154545
2 0.951183 0.583771 0.0972054 0.132362
2 0.850518 0.147166 0.0193035 0.0188843
2 0.114638 0.144065 0.0254912 0.0279242
2 0.46681 0.0549105 0.0287955 0.0153726
2 0.0787505 0.502022 0.157345 0.148449
2 0.609271 0.343134 0.14853 0.106232
2 0.337642 0.24742 0.118588 0.0788204
2 0.585947 0.200812 0.0969399 0.0498868
2 0.180337 0.152587 0.0358632 0.0356402
2 0.938094 0.575439 0.123275 0.150169
2 0.350745 0.177047 0.0790102 0.0474742
2 0.146128 0.181348 0.0331712 0.0400656
2 0.493037 0.126019 0.0626568 0.0335869
2 0.734134 0.204829 0.0731648 0.051705
2 0.0861058 0.284154 0.0895471 0.0668963
2 0.659037 0.138544 0.0488692 0.0358547
2 0.739473 0.126135 0.037834 0.0274246
2 0.724752 0.114639 0.0248265 0.0171463
2 0.125123 0.158175 0.0273991 0.0393262
2 0.600127 0.116579 0.0380567 0.0239749
2 0.848742 0.147249 0.0192039 0.0189474
2 0.535238 0.0643263 0.0476616 0.0309188
2 0.0476585 0.187597 0.0190904 0.0154112
2 0.821393 0.128905 0.0184742 0.0160341
2 0.114634 0.143842 0.0255437 0.0274764
2 0.92563 0.55897 0.148023 0.15057
2 0.0788476 0.501995 0.157503 0.148093
2 0.591782 0.333744 0.148058 0.103797
2 0.326101 0.245358 0.116477 0.0790192
2 0.596918 0.201315 0.0958401 0.0506384
2 0.740432 0.204356 0.0692932 0.0510754
2 0.180415 0.152393 0.0356077 0.0356853
2 0.361276 0.178225 0.0812207 0.047554
2 0.146406 0.181172 0.0325149 0.0394959
2 0.493006 0.125845 0.0627518 0.0340222
2 0.0706115 0.288515 0.0895061 0.0696377
2 0.656394 0.138173 0.0497508 0.0370952
2 0.736103 0.125534 0.0388839 0.0272376
2 0.593016 0.11517 0.0490753 0.0281007
2 0.12532 0.157958 0.0281247 0.0395941
2 0.722141 0.113528 0.0260812 0.0158746
2 0.535272 0.0644169 0.047743 0.0310131
2 0.820202 0.129444 0.0199368 0.015993
2 0.0477381 0.187441 0.0180808 0.0153962
2 0.846493 0.146865 0.019301 0.0187135
2 0.114901 0.143802 0.0255149 0.0274974
2 0.0788457 0.502013 0.157483 0.14816
2 0.905989 0.53942 0.161161 0.145015
2 0.576868 0.324871 0.145023 0.0985686
2 0.314811 0.244039 0.115366 0.0784729
2 0.746301 0.203491 0.0662128 0.0501402
2 0.608381 0.201841 0.0951542 0.051246
2 0.372582 0.180251 0.0843224 0.0484091
2 0.0593269 0.294589 0.0855219 0.072144
2 0.180388 0.152414 0.0355451 0.0356078
2 0.146404 0.181049 0.0325295 0.0394104
2 0.493019 0.125875 0.062871 0.0339005
2 0.653063 0.138637 0.0537388 0.0370438
2 0.733074 0.124636 0.0396503 0.0300972
2 0.59786 0.116848 0.0367536 0.0246943
2 0.125261 0.157947 0.0281344 0.0396928
2 0.818885 0.129011 0.0203243 0.0169223
2 0.535273 0.0644242 0.0477632 0.0311653
2 0.845426 0.14648 0.0189985 0.0204721
2 0.719493 0.113217 0.0261189 0.0157237
2 0.0477786 0.187465 0.0179468 0.0154441
2 0.58247 0.113663 0.0324862 0.0251069
2 0.114945 0.143891 0.0256065 0.0276865
2 0.0788695 0.502019 0.157462 0.148287
2 0.876019 0.523514 0.153502 0.148076
2 0.560727 0.31604 0.143019 0.095401
2 0.304183 0.24255 0.114356 0.0770419
2 0.383885 0.181774 0.0865414 0.0499425
2 0.0440545 0.301583 0.0872895 0.0737793
2 0.751979 0.203362 0.0629775 0.0485474
2 0.180439 0.152253 0.0354877 0.0357507
2 0.146304 0.181161 0.0327261 0.0396621
2 0.618969 0.203236 0.0939893 0.0494761
2 0.493028 0.125962 0.0629808 0.0338283
2 0.651211 0.138796 0.0522785 0.0369985
2 0.730435 0.12443 0.0395014 0.0295816
2 0.1253 0.157957 0.0279958 0.039635
2 0.535185 0.0643428 0.0478795 0.0310361
2 0.717014 0.112209 0.0262528 0.0164814
2 0.817033 0.128769 0.0209545 0.0181188
2 0.84354 0.145637 0.0212208 0.0213222
2 0.59549 0.116179 0.0374907 0.025237
2 0.115314 0.144155 0.025905 0.0283962
2 0.0478456 0.187393 0.0176282 0.0153449
2 0.856838 0.50481 0.164714 0.147194
2 0.0788743 0.502076 0.157471 0.148124
2 0.293257 0.241269 0.112812 0.0752726
2 0.545766 0.309126 0.141742 0.0910481
2 0.396256 0.183721 0.0896811 0.0494579
2 0.756672 0.202252 0.0609582 0.0487221
2 0.0366995 0.308614 0.073399 0.075582
2 0.629803 0.203972 0.0910641 0.0479597
2 0.180429 0.152237 0.0355005 0.0357777
2 0.146337 0.181192 0.0327 0.0396865
2 0.492993 0.125962 0.062937 0.0337051
2 0.648945 0.138762 0.0522098 0.0379549
2 0.714279 0.11306 0.0277719 0.0162109
2 0.727113 0.124937 0.0399584 0.0288997
2 0.125353 0.157927 0.0280172 0.0397607
2 0.535194 0.0643473 0.0478501 0.0309865
2 0.593819 0.116722 0.0378723 0.025249
2 0.815537 0.128215 0.0204519 0.0179743
2 0.841606 0.146751 0.0221569 0.019172
2 0.115338 0.144139 0.0259101 0.0283728
2 0.401791 0.0599153 0.0307248 0.0175341
2 0.047842 0.18739 0.017616 0.0153349
2 0.466851 0.0548567 0.0286389 0.0151747
2 0.832394 0.486701 0.165242 0.146129
2 0.0789043 0.502093 0.157401 0.148167
2 0.531234 0.302635 0.139147 0.0886842
2 0.281972 0.239884 0.111676 0.0747195
2 0.409016 0.184316 0.0911954 0.0515737
2 0.761285 0.201376 0.0568872 0.0481454
2 0.18042 0.152276 0.0354606 0.0357119
2 0.146376 0.181218 0.0326235 0.0396916
2 0.492948 0.125931 0.0628429 0.0337186
2 0.0296076 0.31315 0.0590392 0.071073
2 0.647389 0.139042 0.0522136 0.037781
2 0.840735 0.14466 0.0233093 0.0230768
2 0.644277 0.20659 0.0814714 0.0439911
2 0.125305 0.158002 0.028 0.039611
2 0.813663 0.127775 0.0210411 0.0185655
2 0.586555 0.116568 0.0486979 0.0262056
2 0.71186 0.11282 0.026531 0.0161906
2 0.535195 0.0643671 0.0478204 0.0310245
2 0.72447 0.124161 0.039687 0.0301718
2 0.115321 0.144152 0.0258894 0.028353
2 0.401788 0.0599266 0.0307619 0.0174937
2 0.0478086 0.187409 0.0176886 0.0153279
2 0.807915 0.46837 0.166468 0.14486
2 0.0788838 0.502071 0.157442 0.148182
2 0.517213 0.295774 0.135884 0.0857715
2 0.271115 0.23926 0.110251 0.0735704
2 0.422216 0.186727 0.0929458 0.0493341
2 0.765617 0.200457 0.0554211 0.0476714
2 0.492943 0.125955 0.0628707 0.0336816
2 0.146315 0.181203 0.0327697 0.0398694
2 0.180414 0.152266 0.0354618 0.0357816
2 0.0221402 0.314805 0.0442313 0.0601627
2 0.655027 0.208622 0.0769522 0.0404229
2 0.644891 0.139054 0.0528208 0.0380726
2 0.72125 0.125407 0.0407309 0.0282262
2 0.839904 0.144331 0.0223747 0.0234414
2 0.125277 0.157993 0.0279954 0.0396266
2 0.590457 0.117262 0.0378538 0.0251985
2 0.709901 0.112532 0.027712 0.0156951
2 0.535203 0.0644034 0.0478531 0.031028
2 0.115326 0.144148 0.0259316 0.0283333
2 0.811389 0.12756 0.0199926 0.0183596
2 0.632721 0.200175 0.0631991 0.0383228
2 0.401773 0.0599478 0.0307522 0.0174993
2 0.576317 0.113551 0.0334534 0.0248851
2 0.0478576 0.187379 0.0176064 0.015268
2 0.783724 0.450903 0.165425 0.142035
2 0.0788984 0.502065 0.157492 0.148171
2 0.502965 0.289937 0.133178 0.0841728
2 0.260007 0.238631 0.109485 0.0731454
2 0.43564 0.188168 0.0946071 0.0501788
2 0.769938 0.199386 0.0528846 0.0467509
2 0.492955 0.125927 0.0628386 0.0337829
2 0.146384 0.181094 0.0325837 0.0399632
2 0.180403 0.152315 0.0354758 0.0357978
2 0.664643 0.208691 0.0738319 0.0398823
2 0.0151382 0.319132 0.0301117 0.0522142
2 0.642617 0.139334 0.0534145 0.0381506
2 0.125156 0.157993 0.0279111 0.0396147
2 0.589072 0.117167 0.0386175 0.0252836
2 0.837634 0.144834 0.0208128 0.0223604
2 0.535182 0.064417 0.0478392 0.0310811
2 0.718255 0.124571 0.0413637 0.0294589
2 0.810403 0.127335 0.0213864 0.0181428
2 0.115233 0.144119 0.025947 0.0282482
2 0.706905 0.112594 0.0283846 0.0167005
2 0.644816 0.192353 0.0586499 0.0227045
2 0.0478197 0.187379 0.0176737 0.0152772
2 0.401772 0.0599146 0.0307635 0.0175829
2 0.0789086 0.502099 0.157439 0.14819
2 0.760134 0.433373 0.163975 0.137187
2 0.249425 0.238587 0.108313 0.0717665
2 0.489115 0.28483 0.130508 0.0817396
2 0.449585 0.190115 0.096076 0.0507268
2 0.774028 0.198499 0.0510516 0.04707
2 0.492903 0.12591 0.0627745 0.0337532
2 0.180404 0.152314 0.0355105 0.0358073
2 0.146383 0.181172 0.0325798 0.039899
2 0.66735 0.205166 0.0853114 0.0461877
2 0.582389 0.116507 0.0498212 0.0275565
2 0.12516 0.158037 0.0278878 0.0395807
2 0.0079708 0.322127 0.0158701 0.04186
2 0.535178 0.0644341 0.0478724 0.0310492
7 0.714707 0.123123 0.0428501 0.0321304
7 0.641145 0.138813 0.0528137 0.0392956
2 0.808785 0.12717 0.021415 0.0181697
2 0.836471 0.145957 0.0187965 0.0200706
2 0.115236 0.144106 0.0258992 0.0282104
2 0.401824 0.0599898 0.0308355 0.0174199
2 0.0477792 0.187359 0.017745 0.0152101
2 0.704823 0.111824 0.0289872 0.0150591
2 0.46686 0.0548603 0.0286818 0.0151697
2 0.0788931 0.502109 0.157452 0.148236
2 0.737465 0.417377 0.16408 0.134004
2 0.475232 0.279344 0.128656 0.0805189
2 0.463153 0.191548 0.0971012 0.0503857
2 0.778186 0.197444 0.0495055 0.0450047
2 0.49299 0.125905 0.0629181 0.0338
2 0.238667 0.238514 0.106812 0.0706254
2 0.6767 0.205363 0.0820351 0.0455278
2 0.146374 0.181168 0.0326216 0.0397514
2 0.180435 0.152273 0.0355574 0.0358994
7 0.638954 0.139205 0.053611 0.0396604
2 0.12511 0.15803 0.0277229 0.0395316
2 0.535184 0.0643758 0.0478421 0.0309969
7 0.711622 0.12337 0.0431801 0.0315803
2 0.115227 0.14409 0.0258669 0.0282072
2 0.806892 0.127059 0.0215328 0.018643
2 0.587416 0.117131 0.0377892 0.0259472
2 0.401827 0.0599996 0.0309117 0.0174642
2 0.047862 0.187382 0.0178337 0.0152997
2 0.466848 0.0548631 0.0287025 0.0151413
2 0.83593 0.146468 0.0172321 0.0182103
2 0.0788903 0.502094 0.157486 0.148193
2 0.715642 0.401058 0.161077 0.130043
2 0.462039 0.274948 0.126179 0.0779801
2 0.477453 0.192643 0.0972794 0.0513209
2 0.227613 0.238794 0.106069 0.0700651
2 0.782025 0.19621 0.0478977 0.0440422
2 0.493003 0.125896 0.0629905 0.0338875
2 0.180449 0.152353 0.0355557 0.0357448
2 0.146368 0.181151 0.0325809 0.03965
2 0.684929 0.205028 0.0795103 0.0452319
2 0.579774 0.116156 0.0508303 0.0279602
2 0.125186 0.158046 0.0277143 0.0395226
2 0.637165 0.139211 0.0540039 0.0404193
2 0.535187 0.0643745 0.047828 0.0310819
2 0.708528 0.122888 0.0441401 0.0325379
2 0.115292 0.144118 0.0258463 0.0282441
2 0.832473 0.143074 0.0211605 0.0224729
2 0.805109 0.126698 0.0217548 0.0178636
2 0.40188 0.0599968 0.0310077 0.0174118
2 0.466845 0.0548726 0.0287231 0.015108
2 0.0478664 0.187393 0.0178164 0.0152943
2 0.698966 0.110789 0.0290394 0.0166651
2 0.0789214 0.502115 0.157645 0.14883
2 0.694295 0.386683 0.159566 0.123469
2 0.448888 0.270883 0.125058 0.0770572
2 0.491389 0.19445 0.098921 0.050412
2 0.786061 0.195195 0.0467141 0.0439997
2 0.216284 0.239315 0.105929 0.0699509
2 0.180497 0.152326 0.0355752 0.035612
2 0.492959 0.125713 0.0627127 0.0341039
2 0.700599 0.209283 0.0611248 0.036898
2 0.14639 0.18069 0.0327076 0.0385145
2 0.578574 0.116344 0.0504059 0.028557
2 0.125236 0.158007 0.0275998 0.0389683
2 0.704746 0.121016 0.0450094 0.0360151
2 0.680973 0.200128 0.053754 0.0351039
7 0.635457 0.139437 0.0544773 0.040961
2 0.535254 0.0642776 0.0476489 0.0307322
2 0.0477881 0.18756 0.0181056 0.015616
2 0.115452 0.143848 0.0261524 0.0276575
2 0.401797 0.0601856 0.0307628 0.0172349
2 0.803217 0.126353 0.0218685 0.0184291
2 0.00302099 0.180428 0.00604198 0.0173086
2 0.834053 0.14758 0.0140921 0.015409
2 0.466631 0.0548428 0.0291845 0.0152627
2 0.0789268 0.502124 0.157647 0.148809
2 0.673353 0.372619 0.156215 0.117933
2 0.435324 0.26625 0.123105 0.0757605
2 0.505819 0.196096 0.100158 0.0503552
2 0.205197 0.240758 0.103963 0.0703962
2 0.492969 0.125778 0.0627419 0.0339005
2 0.789276 0.194645 0.0465631 0.0435101
2 0.180492 0.152363 0.0355633 0.0355707
2 0.14642 0.180623 0.0326195 0.0383152
2 0.708272 0.209507 0.0585158 0.0359086
2 0.577518 0.116179 0.0509739 0.0292109
2 0.125313 0.158049 0.027725 0.0388876
2 0.633938 0.140067 0.0547327 0.0401455
2 0.701827 0.120884 0.0453596 0.0365872
2 0.688943 0.200003 0.0514294 0.034337
2 0.535259 0.0643522 0.0476557 0.0309035
2 0.0477942 0.187544 0.0181946 0.0156163
2 0.115501 0.143903 0.0262655 0.0277146
2 0.401791 0.0602816 0.0309377 0.0171083
2 0.00412937 0.180257 0.00823673 0.0184445
2 0.466692 0.0548679 0.0290513 0.0152637
2 0.0789469 0.502138 0.157611 0.148805
2 0.653902 0.360213 0.154297 0.112222
2 0.422132 0.263258 0.12109 0.0742172
2 0.520021 0.197702 0.0998984 0.0506397
2 0.793401 0.193951 0.0446819 0.0422667
2 0.1936 0.242494 0.103702 0.0737605
2 0.492889 0.125807 0.0627976 0.0338381
2 0.146414 0.180718 0.0326447 0.0383766
2 0.180481 0.152379 0.0355786 0.0356146
2 0.715763 0.209169 0.0555493 0.0349683
2 0.576741 0.116422 0.0511741 0.029045
2 0.699133 0.120928 0.0455111 0.0369955
2 0.632008 0.140484 0.055012 0.0378901
2 0.125292 0.157946 0.0278121 0.0389434
2 0.535272 0.0643818 0.0476616 0.0308893
2 0.827296 0.142021 0.0221882 0.024872
2 0.0478296 0.187554 0.0181028 0.01563
2 0.697519 0.200304 0.0500194 0.0342365
2 0.401724 0.0602458 0.0310602 0.0170006
2 0.11497 0.143902 0.0254907 0.0276525
2 0.466685 0.0548317 0.0290747 0.0152425
2 0.800241 0.12605 0.0220345 0.0182391
2 0.00463506 0.178764 0.00925759 0.0173449
2 0.0789173 0.502133 0.157571 0.148713
2 0.635083 0.348615 0.151175 0.105837
2 0.534502 0.199413 0.100063 0.051947
2 0.409149 0.259807 0.11929 0.0729391
2 0.796873 0.193398 0.0440928 0.0418495
2 0.146398 0.180773 0.0326212 0.0386246
2 0.182086 0.244219 0.101986 0.0746052
2 0.180478 0.152411 0.035556 0.03553
2 0.492877 0.125747 0.0627581 0.033962
2 0.630201 0.140321 0.054748 0.0386577
2 0.723853 0.208833 0.0523604 0.0346596
2 0.575806 0.116823 0.0508619 0.0293153
2 0.125231 0.157933 0.0277494 0.0389377
2 0.696027 0.120918 0.0451312 0.037155
2 0.0477168 0.187541 0.018285 0.0156179
2 0.535291 0.0643687 0.0476477 0.030928
2 0.825314 0.141951 0.0230289 0.0248361
2 0.115091 0.143871 0.0257423 0.0277811
2 0.705091 0.199 0.048958 0.0312749
2 0.401737 0.0602732 0.031043 0.0169877
2 0.798523 0.125979 0.0224747 0.0185733
2 0.466688 0.0548304 0.0290766 0.0152562
2 0.0789601 0.502137 0.157641 0.148548
2 0.61659 0.337028 0.148517 0.102426
2 0.396536 0.257376 0.117032 0.0708226
2 0.549107 0.200145 0.0996844 0.0523752
2 0.800482 0.192384 0.0429686 0.0412626
2 0.146304 0.180757 0.0327774 0.0381568
2 0.492901 0.125791 0.0627054 0.033757
2 0.18037 0.152171 0.0356281 0.0359313
2 0.169206 0.246903 0.10365 0.0744029
2 0.628489 0.141067 0.0554512 0.037735
2 0.125063 0.157933 0.0275894 0.0390723
2 0.692941 0.121637 0.0464657 0.0349574
2 0.731077 0.208862 0.0495821 0.0341112
2 0.575228 0.11708 0.0512506 0.0281788
2 0.823299 0.142256 0.0231716 0.0248539
2 0.114906 0.143737 0.0255868 0.0280536
2 0.0478032 0.187514 0.0183746 0.0156593
2 0.53532 0.0642974 0.0476376 0.0306291
2 0.466652 0.0549354 0.0291985 0.0151686
2 0.401778 0.0602477 0.0307558 0.0171947
2 0.712247 0.200956 0.0457456 0.0348319
2 0.0907307 0.0975949 0.0204312 0.0210579
2 0.0789649 0.502137 0.157691 0.148556
2 0.59833 0.327425 0.146201 0.0972009
2 0.382947 0.25439 0.11667 0.069728
2 0.56363 0.20132 0.0981812 0.0522898
2 0.804281 0.191329 0.0413317 0.0407217
2 0.146258 0.180708 0.0328704 0.0381239
2 0.492909 0.125841 0.0627283 0.0337556
2 0.180362 0.152131 0.0356065 0.0358814
2 0.728744 0.204609 0.0639248 0.0421493
2 0.158515 0.249591 0.100299 0.0754474
2 0.627405 0.141113 0.0559984 0.0381357
2 0.12508 0.157974 0.0275368 0.0392177
2 0.574768 0.116732 0.0512362 0.0291099
2 0.689579 0.121395 0.0465714 0.0357217
2 0.0477423 0.187545 0.0184981 0.0155741
2 0.11491 0.143586 0.0254382 0.0277206
2 0.535309 0.0643441 0.0476366 0.0306215
2 0.821731 0.141801 0.024012 0.0257456
2 0.401834 0.0602175 0.0308666 0.0172487
2 0.466653 0.0549389 0.0291979 0.0151775
2 0.0789811 0.502179 0.157706 0.148507
2 0.580969 0.317273 0.142733 0.0954139
2 0.370255 0.25203 0.115044 0.0685605
2 0.577439 0.203132 0.0979868 0.0508
2 0.146233 0.180713 0.032962 0.0381882
2 0.8077 0.190942 0.0403885 0.0394132
2 0.49301 0.125857 0.0629411 0.0336507
2 0.180374 0.152027 0.0356015 0.0359289
2 0.734699 0.204085 0.0627533 0.0420294
2 0.147114 0.252028 0.0980464 0.0768793
2 0.125068 0.157997 0.027474 0.0390981
2 0.57402 0.117077 0.0509758 0.0285154
2 0.62584 0.14068 0.0564587 0.0394134
2 0.68636 0.123317 0.0480657 0.0325
2 0.115003 0.143597 0.025497 0.0277101
2 0.535315 0.0643221 0.0476284 0.0305979
2 0.0478148 0.187534 0.0186153 0.0154479
2 0.820155 0.142864 0.0235455 0.0232182
2 0.401862 0.060326 0.0308926 0.0170849
2 0.466655 0.0549342 0.0292006 0.0151713
2 0.07896 0.50223 0.157667 0.148379
2 0.563911 0.309393 0.141043 0.090418
2 0.357105 0.2499 0.114906 0.0679228
2 0.591203 0.203441 0.0972004 0.0504515
2 0.13482 0.255487 0.096192 0.0777849
2 0.811055 0.190569 0.0397919 0.038235
2 0.14624 0.180748 0.0329642 0.0381987
2 0.18039 0.152024 0.0355737 0.0358743
2 0.741152 0.203641 0.0586636 0.0415889
2 0.492992 0.125893 0.0628641 0.0335649
2 0.624012 0.140922 0.056768 0.0397866
2 0.125011 0.157966 0.0271654 0.0390743
2 0.573586 0.116872 0.0513308 0.0289923
2 0.683273 0.123517 0.0476698 0.0323094
2 0.0478304 0.187525 0.0186003 0.015299
2 0.114979 0.143481 0.0253913 0.0273984
2 0.818556 0.142966 0.0248421 0.0231491
2 0.535314 0.0643472 0.0476412 0.0306335
2 0.078962 0.50214 0.157648 0.148453
2 0.547466 0.301629 0.138258 0.0868923
2 0.345302 0.248298 0.112036 0.0663705
2 0.60422 0.202657 0.0968797 0.0544944
2 0.122847 0.2593 0.0953291 0.078559
2 0.146219 0.180676 0.0329123 0.0381858
2 0.746893 0.203395 0.0561924 0.0407259
2 0.180379 0.152036 0.0355622 0.0359001
2 0.493164 0.125903 0.0631886 0.0335558
2 0.81424 0.189738 0.038861 0.0377306
2 0.622746 0.140813 0.0562361 0.03984
2 0.125001 0.157916 0.0271726 0.0390272
2 0.573062 0.116674 0.0508729 0.0294265
2 0.680024 0.123769 0.0482293 0.0319329
2 0.816076 0.143356 0.0246731 0.0230895
2 0.114974 0.143429 0.0256621 0.0273951
2 0.0478571 0.187563 0.018349 0.0155444
2 0.0169813 0.172882 0.0338056 0.0321875
2 0.535306 0.0643141 0.0476193 0.0306028
2 0.790204 0.124788 0.0221972 0.0184671
2 0.401744 0.060371 0.0306368 0.016988
2 0.0789653 0.502146 0.157653 0.148372
2 0.531179 0.293336 0.136471 0.0848861
2 0.333023 0.246576 0.110424 0.0650563
2 0.6168 0.204147 0.0957562 0.0527122
2 0.110258 0.262735 0.0951585 0.080715
2 0.751925 0.20284 0.0548118 0.0409299
2 0.146237 0.180698 0.0329238 0.0382916
2 0.817933 0.188971 0.0378906 0.0378133
2 0.180375 0.15201 0.0355819 0.0359528
2 0.493106 0.125863 0.0630805 0.0335968
2 0.57251 0.116585 0.0512183 0.0293014
2 0.621538 0.140626 0.0564308 0.0399129
2 0.124973 0.157997 0.0272483 0.0390644
2 0.676878 0.122984 0.0489546 0.0339061
2 0.0186371 0.1704 0.0369513 0.032758
2 0.115017 0.143424 0.0257277 0.0273484
2 0.535315 0.0643094 0.0476064 0.0305736
2 0.0479517 0.187534 0.0181555 0.0155243
2 0.814817 0.143353 0.0258152 0.0242226
2 0.789563 0.124695 0.0216192 0.0182945
2 0.840072 0.139172 0.0201073 0.0181678
2 0.466664 0.0549343 0.0291773 0.0151713
2 0.0786396 0.502301 0.157186 0.148369
2 0.515691 0.286393 0.133284 0.0817827
2 0.629252 0.205737 0.0940416 0.0501865
2 0.320516 0.245516 0.110046 0.0643627
2 0.75677 0.202119 0.0523189 0.0398817
2 0.0983729 0.266465 0.093014 0.0815627
2 0.146432 0.181097 0.032472 0.0391937
2 0.180418 0.152406 0.035437 0.0358668
2 0.493141 0.126004 0.06315 0.0337733
2 0.820554 0.188217 0.0367107 0.0372978
2 0.619943 0.14008 0.0579747 0.0417136
2 0.572507 0.116916 0.0514164 0.0286358
2 0.125334 0.158298 0.0277688 0.0391515
2 0.812583 0.142928 0.0251918 0.0255871
2 0.673804 0.120831 0.0500441 0.0380782
2 0.535308 0.0644203 0.0476376 0.0312269
2 0.115021 0.143323 0.0255361 0.0271567
2 0.047651 0.187514 0.0181702 0.0153943
2 0.0199951 0.170048 0.039728 0.0323796
2 0.401533 0.0600597 0.0300566 0.0172579
2 0.0786528 0.502243 0.157167 0.148216
2 0.500162 0.280647 0.130913 0.0791956
2 0.640495 0.206147 0.0936227 0.0501094
2 0.308148 0.244474 0.108877 0.0638361
2 0.762108 0.201086 0.0498441 0.0399282
2 0.146546 0.181085 0.032235 0.0392253
2 0.823599 0.187387 0.0366016 0.0379862
2 0.180428 0.152426 0.035472 0.0358483
2 0.493184 0.125978 0.0632097 0.0337281
2 0.0853555 0.271887 0.0930645 0.0835956
2 0.572324 0.117124 0.0512741 0.0281216
2 0.125324 0.158241 0.0278373 0.0391058
2 0.618932 0.140079 0.0575622 0.0420048
2 0.535305 0.0644351 0.0476358 0.0312042
2 0.67064 0.121554 0.0498007 0.0367503
2 0.810728 0.142903 0.0234854 0.0212645
2 0.115084 0.143425 0.0256706 0.0272646
2 0.0476089 0.187518 0.0183305 0.0152972
2 0.0272107 0.164232 0.030595 0.0243422
2 0.401863 0.0600974 0.0306618 0.0171613
2 0.466925 0.0549679 0.0286961 0.0153499
2 0.0786581 0.502253 0.157177 0.148331
2 0.485024 0.275415 0.128615 0.0772361
2 0.296436 0.243373 0.106983 0.0626616
2 0.651868 0.206601 0.0912525 0.0486397
2 0.766888 0.200395 0.0483356 0.0393918
2 0.146438 0.181187 0.0324658 0.0393454
2 0.493209 0.125884 0.0632559 0.0338135
2 0.180424 0.152357 0.0354352 0.0358964
2 0.826253 0.186952 0.03554 0.0368762
2 0.617627 0.140441 0.0582952 0.0422572
2 0.571987 0.116796 0.0512941 0.0284175
2 0.0737691 0.277059 0.0925719 0.0839051
2 0.125504 0.15823 0.0280225 0.039206
2 0.667172 0.122024 0.051461 0.035939
2 0.808641 0.141575 0.0243924 0.0262148
2 0.5353 0.0644036 0.0476211 0.0310769
2 0.114983 0.143377 0.0256009 0.0274624
2 0.0286533 0.163571 0.0324982 0.0248082
2 0.0475864 0.187491 0.0184019 0.0153103
2 0.466934 0.0549675 0.0286674 0.015346
2 0.401947 0.0601132 0.0309092 0.0171092
2 0.0786588 0.502205 0.157176 0.148321
2 0.469872 0.27095 0.127062 0.0763328
2 0.662466 0.206646 0.0881052 0.0476563
2 0.284156 0.242637 0.106203 0.0620496
2 0.771529 0.199264 0.0461058 0.0382538
2 0.146445 0.181176 0.0324802 0.0392526
2 0.180416 0.152391 0.0354434 0.0358688
2 0.4934 0.125857 0.0636066 0.0339074
2 0.829123 0.186633 0.035162 0.0357729
2 0.617017 0.140408 0.0585321 0.0420136
2 0.0607733 0.282787 0.0909644 0.0851997
2 0.571858 0.116824 0.0513391 0.0285772
2 0.664042 0.123154 0.0520304 0.0338543
2 0.125447 0.158218 0.0278681 0.0392373
2 0.806442 0.140104 0.0248278 0.0282056
2 0.535291 0.0643997 0.047634 0.0311363
2 0.115023 0.143334 0.0255651 0.0274178
2 0.0304181 0.163022 0.0342374 0.0269311
2 0.0476622 0.187398 0.0182557 0.0152103
2 0.40195 0.0601217 0.030914 0.0171088
2 0.466835 0.0548376 0.0288182 0.015271
