2 0.0505174 0.375634 0.0884371 0.104682
2 0.185401 0.342824 0.0981966 0.088317
7 0.694316 0.349649 0.0777304 0.140121
2 0.652543 0.200148 0.0558638 0.0524538
7 0.27712 0.221805 0.0526933 0.05623
2 0.755075 0.178613 0.04072 0.042064
2 0.826599 0.167037 0.0277857 0.0323572
2 0.786234 0.158263 0.0304327 0.0318432
2 0.142196 0.221403 0.0344617 0.0301826
2 0.85546 0.164202 0.0222347 0.0277435
7 0.467979 0.292131 0.132184 0.15056
7 0.936447 0.235831 0.0253338 0.0408471
2 0.578363 0.103609 0.00608301 0.00583191
2 0.161128 0.354941 0.0972238 0.0890465
2 0.0330361 0.390258 0.0659396 0.0993868
2 0.645293 0.202374 0.057207 0.0532336
7 0.277135 0.22177 0.0526754 0.0562343
2 0.751513 0.178712 0.0411846 0.0439128
2 0.146445 0.221013 0.0349015 0.0308514
2 0.825357 0.167121 0.0281456 0.0321607
2 0.779767 0.161075 0.0306752 0.0331476
7 0.698705 0.36063 0.0841425 0.145548
2 0.854929 0.164014 0.0225811 0.0280467
7 0.46274 0.300459 0.129975 0.159172
7 0.936915 0.232748 0.0257469 0.0397232
2 0.135942 0.367218 0.0964915 0.0932702
2 0.637188 0.20492 0.0582108 0.0528386
7 0.277133 0.221787 0.0526689 0.0562018
2 0.150712 0.220529 0.0355477 0.0307626
2 0.747737 0.180165 0.0417379 0.0426715
7 0.4569 0.306415 0.127275 0.169197
7 0.704384 0.373147 0.090734 0.152347
2 0.0188975 0.396778 0.0375047 0.0770157
2 0.823664 0.167158 0.0281345 0.0321779
2 0.854396 0.164192 0.0226387 0.0274787
2 0.772181 0.162155 0.0326767 0.0323706
7 0.936277 0.230027 0.0245348 0.0384486
2 0.110236 0.380916 0.0955121 0.0951068
2 0.629784 0.206732 0.0591547 0.0539467
7 0.277136 0.221795 0.0526682 0.0561806
7 0.711062 0.386212 0.0983047 0.159497
2 0.744241 0.180287 0.0426999 0.0440264
2 0.15527 0.21993 0.0359 0.0311106
2 0.822401 0.167555 0.0285255 0.032983
2 0.853856 0.164154 0.0225653 0.0278482
2 0.765616 0.161891 0.0312311 0.0304417
2 0.0059572 0.40877 0.0118239 0.0548686
2 0.936336 0.227574 0.0232128 0.0384698
7 0.430775 0.34079 0.0836699 0.127456
7 0.990685 0.179911 0.0182377 0.027358
2 0.0849881 0.394857 0.0947029 0.0967223
2 0.621924 0.208687 0.0601139 0.0544713
7 0.277138 0.221806 0.0526447 0.0561499
2 0.740331 0.181385 0.0431067 0.0452715
2 0.159438 0.218952 0.036287 0.0317502
2 0.820547 0.167887 0.0286997 0.0321327
2 0.853186 0.164329 0.0224115 0.0274156
2 0.758615 0.163125 0.0309052 0.0321111
7 0.717827 0.400371 0.106364 0.166661
7 0.446898 0.32735 0.119043 0.18525
2 0.93637 0.22534 0.0230858 0.0370595
2 0.0597486 0.408968 0.0936669 0.0979692
2 0.613815 0.210786 0.0619292 0.0567113
7 0.725934 0.414604 0.115594 0.175912
2 0.163407 0.218718 0.0366556 0.0317307
7 0.277143 0.221806 0.0526232 0.0561597
2 0.73613 0.182094 0.0438112 0.0460499
2 0.818975 0.167815 0.0297279 0.0331267
2 0.852296 0.164446 0.0224566 0.0277938
2 0.750476 0.16408 0.0307396 0.032677
7 0.442913 0.338294 0.115744 0.196546
2 0.936364 0.222892 0.0234848 0.0369624
2 0.578351 0.103621 0.00606937 0.00584539
2 0.0404065 0.423938 0.080687 0.0988648
7 0.735716 0.430404 0.124526 0.186273
2 0.605813 0.213247 0.0632286 0.0570745
7 0.277143 0.221807 0.0526143 0.0561397
2 0.167944 0.218288 0.0379355 0.0315889
2 0.851522 0.164467 0.0224514 0.0276939
2 0.816704 0.16863 0.0294239 0.0319154
2 0.732578 0.182505 0.0458967 0.0472705
2 0.740539 0.163145 0.0345963 0.030093
2 0.937152 0.220506 0.0245781 0.0369376
7 0.439341 0.347598 0.110505 0.207827
2 0.578354 0.103652 0.00605068 0.00582837
2 0.596979 0.214952 0.0642906 0.0603183
7 0.746497 0.447631 0.134358 0.19771
2 0.0279788 0.428709 0.0559324 0.0805093
2 0.171796 0.218226 0.0376894 0.0314624
7 0.27714 0.221828 0.0526156 0.0561333
2 0.727581 0.184849 0.0449354 0.0444072
2 0.814942 0.168839 0.0297329 0.0328073
2 0.850755 0.164383 0.0226521 0.0282142
2 0.936136 0.218075 0.0226078 0.035575
2 0.729883 0.161646 0.0381428 0.0248734
7 0.436226 0.362925 0.107817 0.216515
2 0.578352 0.103664 0.00604382 0.0057984
2 0.588462 0.217199 0.0658844 0.0611027
7 0.277056 0.221814 0.0525894 0.0562583
7 0.758561 0.465738 0.145363 0.209341
2 0.175978 0.217638 0.0384529 0.032117
2 0.813011 0.16935 0.0301693 0.0332169
2 0.849877 0.164562 0.023057 0.0280999
2 0.015631 0.43703 0.03107 0.0702467
2 0.723143 0.185193 0.0462022 0.0450994
2 0.718276 0.165462 0.0431583 0.0295076
2 0.937311 0.216608 0.0229588 0.0351229
2 0.425005 0.408032 0.0857198 0.165438
2 0.578337 0.103719 0.00605469 0.00593923
7 0.448311 0.309468 0.0740522 0.101727
2 0.579423 0.22051 0.067528 0.0634516
7 0.772352 0.48589 0.156209 0.223698
7 0.27705 0.221796 0.0526202 0.0562766
2 0.180443 0.217169 0.038815 0.0319632
2 0.811117 0.169296 0.0304684 0.0337196
2 0.718613 0.186479 0.0469086 0.0456215
2 0.849031 0.164753 0.0233479 0.0287666
7 0.428803 0.426418 0.0914156 0.178383
2 0.707731 0.169047 0.0438421 0.0372886
2 0.938843 0.214875 0.021516 0.0332115
7 0.444547 0.32156 0.0729263 0.110203
2 0.578371 0.103686 0.00601873 0.00569803
7 0.787369 0.507038 0.168011 0.237429
2 0.570468 0.222843 0.0681036 0.0645178
7 0.277077 0.221916 0.0526171 0.0562081
2 0.18423 0.217013 0.0383857 0.0311381
2 0.713902 0.187719 0.0479149 0.0454515
2 0.808735 0.169395 0.0307976 0.0335313
2 0.848038 0.164688 0.0231808 0.0278709
7 0.434747 0.446453 0.0982504 0.195944
2 0.696453 0.172199 0.0444447 0.0394736
2 0.938671 0.212769 0.0216236 0.0338998
2 0.578366 0.10382 0.00598288 0.00569269
7 0.803468 0.528836 0.179456 0.255544
2 0.561102 0.225971 0.0697392 0.0651509
2 0.708873 0.188146 0.0485716 0.0478662
7 0.277034 0.221966 0.0526684 0.0561381
2 0.188476 0.216711 0.0390027 0.0313143
2 0.80622 0.16988 0.0311041 0.0341953
2 0.847163 0.164903 0.0232847 0.0281356
2 0.684158 0.174978 0.0467756 0.0431544
7 0.441401 0.430582 0.109826 0.291875
2 0.939418 0.211275 0.0213198 0.0325576
2 0.552029 0.228979 0.0709302 0.0679469
7 0.451094 0.449737 0.120154 0.322356
7 0.821849 0.552911 0.191879 0.270033
2 0.703358 0.188784 0.0500177 0.0491042
2 0.19258 0.215907 0.0398397 0.0318224
2 0.671289 0.177219 0.0488375 0.0450144
7 0.277162 0.221957 0.052485 0.0560966
2 0.846055 0.165442 0.023481 0.0271735
2 0.803978 0.17051 0.0313911 0.0334915
2 0.9393 0.209174 0.0212416 0.0320107
7 0.459839 0.473617 0.140319 0.35113
7 0.841903 0.577902 0.202579 0.286645
2 0.542896 0.232929 0.0718415 0.0690076
2 0.698368 0.190349 0.0514879 0.0495533
2 0.196166 0.215961 0.0404208 0.0324629
7 0.277188 0.221957 0.052331 0.0558974
2 0.801367 0.171046 0.032074 0.033645
2 0.65757 0.178869 0.0521943 0.048234
2 0.845089 0.165189 0.0237268 0.028095
2 0.939862 0.207494 0.0200523 0.031566
2 0.533915 0.236331 0.0722031 0.0713831
7 0.863156 0.604586 0.214242 0.300624
2 0.692658 0.191628 0.0521071 0.0505048
7 0.470122 0.500172 0.165314 0.380081
2 0.200078 0.215583 0.0410106 0.0331549
2 0.644224 0.181816 0.053806 0.0493947
7 0.2772 0.221988 0.0523194 0.0559029
2 0.843806 0.165678 0.0236515 0.0279979
2 0.79893 0.171773 0.0323043 0.0345451
2 0.940665 0.205973 0.0188435 0.0306984
7 0.886305 0.632689 0.224234 0.316281
2 0.524391 0.240423 0.0735006 0.0731234
2 0.687032 0.192462 0.0528801 0.0517961
2 0.628312 0.184784 0.057275 0.0517793
2 0.203845 0.215376 0.0403139 0.0335055
7 0.482985 0.527256 0.194464 0.419536
7 0.277204 0.22198 0.0523019 0.0558654
2 0.842737 0.165338 0.0238722 0.029453
2 0.79617 0.171833 0.0332514 0.0348684
2 0.941423 0.204375 0.0175289 0.03017
7 0.896639 0.662322 0.206446 0.331424
2 0.515397 0.244342 0.0735648 0.0743364
7 0.500094 0.56035 0.226258 0.457934
2 0.681216 0.193952 0.0542669 0.0529692
2 0.611921 0.18771 0.0604217 0.0539262
2 0.207357 0.215548 0.0393985 0.0330153
2 0.841407 0.166199 0.0239536 0.028825
7 0.277198 0.221979 0.0522384 0.0559265
2 0.793588 0.172229 0.0336478 0.0354266
2 0.942172 0.202792 0.0176598 0.0289082
7 0.907434 0.69222 0.184092 0.346892
2 0.505885 0.248956 0.075301 0.0762024
2 0.594292 0.192715 0.0632038 0.0553849
2 0.674832 0.195274 0.0557729 0.0539711
2 0.210568 0.215686 0.0392176 0.0332124
2 0.790661 0.172518 0.0337896 0.0348278
2 0.840015 0.166119 0.0243252 0.0290464
7 0.2772 0.221979 0.0522214 0.0558966
2 0.537196 0.665122 0.227671 0.365302
2 0.943336 0.201404 0.017886 0.0289021
7 0.439016 0.440741 0.105732 0.19364
7 0.920161 0.716792 0.15911 0.349076
2 0.497039 0.253427 0.074835 0.079453
2 0.576098 0.196788 0.0663914 0.0570029
2 0.668676 0.196895 0.0568847 0.0542217
2 0.213544 0.21551 0.039348 0.033667
2 0.787545 0.172934 0.0343062 0.0355323
7 0.277198 0.222012 0.0522152 0.0558591
2 0.838558 0.166522 0.0242313 0.0290645
7 0.446965 0.467977 0.117468 0.208733
2 0.564768 0.713885 0.260448 0.398863
2 0.943833 0.200005 0.0166962 0.0288116
7 0.933741 0.715162 0.132015 0.296515
2 0.488058 0.257637 0.07612 0.0812993
2 0.55593 0.201412 0.0695435 0.058882
2 0.662408 0.198299 0.0580132 0.0543721
2 0.216608 0.215319 0.0389604 0.0338932
2 0.784503 0.1732 0.0349565 0.0354444
2 0.836854 0.166475 0.0248512 0.0293237
7 0.277178 0.222086 0.052371 0.0560474
7 0.458091 0.492564 0.128912 0.227618
2 0.60053 0.761502 0.289325 0.439024
2 0.946039 0.198954 0.0187309 0.0286412
2 0.966447 0.151678 0.00829735 0.0128648
2 0.996524 0.177469 0.00660057 0.0173705
2 0.997344 0.151683 0.00490799 0.00909771
7 0.473691 0.523329 0.153169 0.244613
2 0.479578 0.262795 0.0764772 0.0832669
7 0.948013 0.726554 0.1034 0.266173
2 0.535101 0.206219 0.0718109 0.064025
2 0.65592 0.199794 0.0594492 0.0562036
2 0.639871 0.78558 0.323756 0.415866
2 0.781201 0.173428 0.0352419 0.0356949
2 0.21974 0.215481 0.0389516 0.0337763
2 0.835566 0.166672 0.0250278 0.029379
7 0.277226 0.222155 0.0522917 0.0555884
2 0.946103 0.197306 0.0186052 0.0271045
2 0.965653 0.151684 0.00817833 0.0124216
7 0.490583 0.558034 0.172804 0.267407
2 0.470898 0.268456 0.0764166 0.0840262
2 0.649221 0.201065 0.0605175 0.0575129
2 0.512502 0.209233 0.0749355 0.0615332
2 0.221785 0.215554 0.0377818 0.0346506
2 0.777877 0.173905 0.035424 0.03717
7 0.68563 0.804738 0.356075 0.372923
7 0.277252 0.222117 0.0521684 0.055737
2 0.833945 0.166995 0.0252426 0.0289764
7 0.963422 0.732546 0.0725266 0.219996
2 0.947311 0.196001 0.018078 0.026598
2 0.462624 0.273542 0.0770165 0.087834
7 0.7349 0.827702 0.383911 0.328134
2 0.642757 0.202918 0.0619886 0.0579963
7 0.51617 0.594348 0.204473 0.301312
2 0.487862 0.214954 0.0796342 0.0599736
2 0.774469 0.174324 0.0359866 0.039112
2 0.224287 0.215774 0.0377817 0.0353873
2 0.832156 0.167257 0.0255236 0.0298385
7 0.979545 0.768929 0.0404736 0.209607
7 0.277253 0.222092 0.0521797 0.0557661
2 0.947708 0.195194 0.018074 0.0262346
7 0.537219 0.639706 0.213074 0.324699
2 0.454519 0.279988 0.0768755 0.0881459
2 0.46202 0.224443 0.0833395 0.0658127
2 0.635369 0.204818 0.0625249 0.0590982
2 0.77094 0.174995 0.0368364 0.0394359
2 0.225728 0.216018 0.0384398 0.0355381
7 0.763926 0.853482 0.351849 0.279039
2 0.830395 0.16727 0.025831 0.029536
7 0.277337 0.222139 0.0520131 0.0558661
2 0.948657 0.194109 0.0169159 0.0264437
2 0.99613 0.813647 0.00739326 0.0739288
2 0.962314 0.152458 0.00838032 0.011715
2 0.997592 0.176049 0.00447083 0.015104
2 0.446814 0.28587 0.0769235 0.0907526
2 0.628215 0.206584 0.0643934 0.058531
2 0.434568 0.23497 0.0867599 0.0758852
2 0.769064 0.175649 0.0404968 0.0405359
2 0.227673 0.216004 0.0386303 0.0362975
2 0.828538 0.167755 0.025864 0.0293685
7 0.56862 0.688564 0.237326 0.358857
7 0.277334 0.221983 0.0519923 0.0560499
7 0.814581 0.878165 0.34878 0.232573
2 0.949769 0.193197 0.0166222 0.0260913
7 0.704204 0.750465 0.518132 0.483999
2 0.961338 0.152074 0.0085701 0.0128146
2 0.439381 0.291645 0.0771936 0.0945246
2 0.405425 0.244082 0.0906103 0.0801814
2 0.620914 0.208784 0.0653207 0.0611378
7 0.60529 0.73957 0.259908 0.389171
2 0.229867 0.215992 0.0372727 0.0363678
2 0.763431 0.176241 0.0377033 0.0416019
2 0.82669 0.168259 0.0267075 0.0303098
7 0.27727 0.222034 0.0520999 0.0560713
2 0.950677 0.191949 0.0164516 0.0247706
2 0.960481 0.152575 0.00856361 0.0120378
7 0.853664 0.908347 0.292526 0.17425
2 0.431892 0.297885 0.0768791 0.0971213
2 0.374029 0.254466 0.0948422 0.0849124
2 0.613716 0.210788 0.0663135 0.0617937
7 0.648258 0.790955 0.282804 0.406946
2 0.759566 0.177081 0.0383705 0.0423395
2 0.231526 0.216297 0.0360207 0.0366692
2 0.824483 0.168072 0.0265488 0.0314932
7 0.277282 0.222121 0.0519917 0.055953
2 0.951258 0.191225 0.0155552 0.0243821
2 0.424783 0.304977 0.0772055 0.100826
2 0.606281 0.212782 0.0676495 0.0626783
2 0.341707 0.266272 0.0971441 0.0897912
2 0.755456 0.177747 0.0389024 0.0422042
2 0.232517 0.216579 0.0358716 0.0362146
2 0.822294 0.168893 0.0269756 0.0300756
7 0.277227 0.222049 0.0521956 0.0559478
7 0.694993 0.813525 0.295996 0.360771
2 0.952188 0.189883 0.0155064 0.0235456
2 0.307525 0.279533 0.0995685 0.0934032
2 0.418117 0.312212 0.0774072 0.104989
2 0.598682 0.215464 0.0687028 0.0634446
2 0.751256 0.178489 0.0399977 0.0424843
2 0.233697 0.216825 0.0350234 0.0360474
2 0.820135 0.169625 0.027282 0.0309418
7 0.27704 0.222002 0.0525118 0.0557651
2 0.953056 0.189042 0.0151169 0.0235414
2 0.411567 0.319441 0.0773563 0.109411
2 0.27193 0.293979 0.1008 0.0986803
2 0.590924 0.217601 0.0693594 0.0655899
2 0.747074 0.1794 0.0408146 0.0431146
2 0.234466 0.217331 0.0345029 0.0365978
2 0.817763 0.169484 0.0278938 0.030919
7 0.277043 0.222052 0.05246 0.0558254
2 0.954253 0.187868 0.0154858 0.0228479
2 0.940849 0.160266 0.0102211 0.0139439
2 0.955129 0.15172 0.00888157 0.0133169
2 0.406147 0.327606 0.0765158 0.115619
2 0.583336 0.219922 0.0705554 0.0672677
2 0.234591 0.308995 0.102933 0.10469
2 0.742527 0.180839 0.0417467 0.042638
2 0.235743 0.217142 0.0342746 0.037034
2 0.815446 0.169869 0.028475 0.0310839
2 0.955038 0.186648 0.0145115 0.0222605
2 0.277539 0.221984 0.0514853 0.0554591
2 0.940054 0.160658 0.0108559 0.0141249
2 0.954116 0.151922 0.00942078 0.0139576
2 0.400871 0.336842 0.0766824 0.119203
2 0.575737 0.222787 0.0720645 0.0689545
2 0.196146 0.328132 0.103694 0.105586
2 0.737833 0.181779 0.0422922 0.0432429
2 0.236378 0.217235 0.0329947 0.0376059
2 0.812849 0.170018 0.0287664 0.0318523
7 0.277524 0.222096 0.0515893 0.0557738
2 0.955602 0.185331 0.0139214 0.0227902
2 0.95308 0.151385 0.00933666 0.0148849
2 0.929645 0.14641 0.00848694 0.0105979
2 0.157723 0.344753 0.10375 0.111984
2 0.396004 0.346937 0.0765749 0.124722
2 0.567876 0.225906 0.0729025 0.0702548
2 0.732976 0.182463 0.0436359 0.0452752
2 0.236546 0.217768 0.032386 0.0375376
2 0.810017 0.169968 0.0293465 0.0317638
7 0.277112 0.222158 0.0524392 0.0558331
2 0.956684 0.184605 0.0135994 0.0218962
2 0.951653 0.151258 0.00942039 0.014279
2 0.928211 0.147535 0.00915642 0.0106614
2 0.93735 0.160855 0.0120453 0.0144627
2 0.392142 0.3557 0.0754787 0.127988
2 0.559948 0.228722 0.0733941 0.0714735
2 0.118821 0.36535 0.101513 0.114241
2 0.72798 0.183334 0.0444235 0.0449631
2 0.236748 0.217664 0.0325809 0.0387271
2 0.80731 0.171172 0.0295118 0.0325575
2 0.957824 0.183864 0.0140491 0.0216993
7 0.277274 0.22217 0.0521826 0.0557475
2 0.950149 0.151467 0.0102091 0.0145775
2 0.935715 0.161162 0.0105392 0.0146398
2 0.551955 0.231843 0.0744766 0.0734694
2 0.0802982 0.386048 0.0996877 0.117404
2 0.388244 0.366451 0.0752894 0.133023
2 0.72277 0.184589 0.0453259 0.0455766
2 0.237342 0.217744 0.0314996 0.0390289
7 0.277195 0.222112 0.0524054 0.0557747
2 0.804608 0.171129 0.0299004 0.0329528
2 0.959145 0.182931 0.0142963 0.0212026
2 0.949038 0.151466 0.00966167 0.0148873
2 0.54417 0.235928 0.0756502 0.0750802
2 0.385839 0.378614 0.074226 0.140684
2 0.0456305 0.40745 0.0911812 0.120307
2 0.717434 0.185596 0.0466625 0.0449966
2 0.237797 0.217878 0.0316013 0.0392083
2 0.79915 0.172 0.0351235 0.0340209
7 0.277245 0.222091 0.0522845 0.055806
2 0.959936 0.182263 0.0136866 0.0211366
2 0.947363 0.151754 0.00910454 0.0139645
2 0.53684 0.238664 0.0762543 0.0775081
2 0.383595 0.389836 0.0738868 0.146534
2 0.711769 0.187133 0.0478157 0.0461741
2 0.238346 0.218027 0.0316149 0.0388873
2 0.0270594 0.416339 0.0539709 0.0992715
2 0.961047 0.181908 0.0137409 0.0216782
7 0.277565 0.222028 0.0515882 0.0555694
2 0.797506 0.17175 0.0328581 0.0343023
2 0.945756 0.151556 0.00940628 0.0140399
2 0.528872 0.242702 0.0769648 0.0794384
2 0.381633 0.403514 0.0743986 0.15555
2 0.705941 0.188263 0.0486467 0.0467894
2 0.238386 0.218208 0.0311071 0.0382629
2 0.961825 0.18111 0.0134365 0.0212629
2 0.794846 0.172552 0.0320584 0.0345562
7 0.277635 0.222114 0.0515388 0.0553481
2 0.931046 0.162081 0.0115517 0.015606
2 0.944646 0.15162 0.00998116 0.0140751
2 0.520585 0.2466 0.0779051 0.0812732
2 0.381059 0.416463 0.0752238 0.16256
2 0.699922 0.189292 0.0498804 0.0477084
2 0.238458 0.218266 0.0309612 0.0382334
2 0.791326 0.173192 0.0323224 0.0347621
7 0.277677 0.222112 0.0514537 0.0553735
2 0.96278 0.18046 0.0127012 0.0201873
2 0.930019 0.162897 0.0117683 0.0161925
2 0.382477 0.431638 0.0790886 0.171686
2 0.513326 0.251022 0.0779409 0.0823633
2 0.693579 0.190625 0.0511694 0.0489933
2 0.238419 0.218375 0.0305254 0.0383111
2 0.787597 0.173783 0.0331787 0.0351695
7 0.277525 0.222099 0.0517529 0.0553723
2 0.963758 0.179812 0.0126455 0.0194469
2 0.941649 0.151716 0.0103006 0.0143262
2 0.928636 0.16319 0.0121201 0.0165106
2 0.505806 0.254738 0.0781038 0.0851419
2 0.385951 0.449185 0.0843554 0.185716
2 0.687051 0.191853 0.0515118 0.0509321
2 0.238769 0.218703 0.0306971 0.0379793
2 0.783783 0.173655 0.0328121 0.0344132
7 0.277601 0.222149 0.0517212 0.0553302
2 0.92722 0.163471 0.012471 0.017298
2 0.940265 0.151773 0.0106846 0.0145978
2 0.498494 0.258847 0.0785782 0.086789
2 0.680308 0.193151 0.0526211 0.051491
2 0.238741 0.218678 0.0307763 0.03816
2 0.779893 0.173864 0.0338829 0.0355143
2 0.391056 0.466945 0.0897013 0.198385
7 0.277626 0.222186 0.0516523 0.0551791
2 0.938532 0.15179 0.0106022 0.0146171
2 0.92583 0.163419 0.0121342 0.0171672
2 0.965695 0.178968 0.0121885 0.0187252
2 0.911612 0.145825 0.0127371 0.01468
2 0.49128 0.263812 0.0797284 0.0883729
2 0.673524 0.194902 0.0541803 0.0524373
2 0.39712 0.486842 0.0960789 0.215405
2 0.238699 0.218704 0.0306446 0.0381383
2 0.77588 0.175351 0.0349222 0.0369381
7 0.277608 0.222199 0.0516855 0.0551056
2 0.924377 0.163882 0.0123631 0.0180745
2 0.936962 0.151636 0.0105389 0.0145376
2 0.967539 0.178033 0.014123 0.0185567
2 0.484241 0.268422 0.0796574 0.0917222
2 0.403863 0.507891 0.10506 0.22883
2 0.666306 0.19642 0.0560807 0.0529175
2 0.238698 0.21871 0.030683 0.0381465
2 0.771803 0.176185 0.0356783 0.0360793
7 0.277607 0.222179 0.0517081 0.0551405
2 0.922513 0.164362 0.0124283 0.0173121
2 0.935522 0.151781 0.0112595 0.0145859
2 0.968407 0.177968 0.0130409 0.0187752
2 0.412746 0.53256 0.11577 0.242775
2 0.47722 0.274142 0.0803886 0.0931022
2 0.658949 0.198372 0.0570405 0.0539533
2 0.769221 0.176709 0.0401709 0.0379817
2 0.23873 0.218729 0.0307712 0.0382113
7 0.277576 0.22222 0.0516936 0.0551326
2 0.921094 0.164909 0.0128565 0.0182549
2 0.933742 0.151757 0.0111355 0.0147708
2 0.470142 0.279106 0.0800423 0.0946274
2 0.423996 0.559261 0.128982 0.259233
2 0.651097 0.200376 0.0589402 0.0550754
2 0.238736 0.218747 0.030739 0.0382241
2 0.763129 0.177348 0.0369757 0.0388005
7 0.277591 0.222235 0.0516665 0.0551241
2 0.919329 0.165027 0.0130077 0.018779
2 0.932021 0.151549 0.0117878 0.014731
2 0.438083 0.588631 0.144885 0.279488
2 0.463439 0.284126 0.0811408 0.0994373
2 0.643196 0.202662 0.0605134 0.0555774
2 0.758598 0.177924 0.0381943 0.0399408
2 0.238722 0.218741 0.0306995 0.0381937
7 0.27758 0.222233 0.0516779 0.0551043
2 0.917575 0.165403 0.014003 0.0191112
2 0.929836 0.151339 0.0113548 0.0151553
2 0.90059 0.14668 0.0116867 0.0133303
2 0.455172 0.620555 0.161644 0.299548
2 0.456985 0.289412 0.0815549 0.102975
2 0.635047 0.204493 0.0612528 0.0563423
2 0.754008 0.178636 0.0390475 0.040421
2 0.238713 0.21875 0.0307091 0.0382079
7 0.277565 0.222228 0.0516648 0.0551053
2 0.898614 0.14498 0.0130466 0.016973
2 0.915826 0.166661 0.013719 0.0188586
2 0.928291 0.15173 0.0116461 0.0152344
2 0.474893 0.654954 0.181429 0.319728
2 0.626392 0.205388 0.0634045 0.0588426
2 0.450815 0.296567 0.0825996 0.103034
2 0.748918 0.179065 0.0398209 0.0406928
2 0.238627 0.218662 0.0306038 0.0382288
7 0.277426 0.222039 0.0520044 0.0557672
2 0.913772 0.166463 0.0145424 0.0193726
2 0.925979 0.151843 0.0120682 0.0159804
2 0.498806 0.69241 0.203627 0.342513
2 0.444374 0.302959 0.0822213 0.107885
2 0.617994 0.207734 0.0647771 0.0602591
2 0.743778 0.180531 0.0408441 0.0404048
2 0.238667 0.218618 0.0309284 0.038385
7 0.277453 0.222117 0.0519174 0.0554678
2 0.8937 0.144839 0.0133341 0.0178683
2 0.911851 0.166774 0.014481 0.0194544
2 0.924295 0.151514 0.0125973 0.0165968
2 0.526735 0.732137 0.226438 0.367586
2 0.438437 0.309057 0.082973 0.111596
2 0.608793 0.210055 0.0660528 0.0621168
2 0.738669 0.181163 0.0417259 0.042299
2 0.238677 0.218619 0.0308673 0.0382126
7 0.277815 0.2221 0.0513774 0.0555324
2 0.89086 0.145491 0.0134407 0.0173653
2 0.910139 0.167455 0.0148842 0.0191458
2 0.921992 0.152041 0.0123003 0.0159456
2 0.55888 0.775538 0.249263 0.391489
2 0.600154 0.21293 0.0666931 0.0617612
2 0.43304 0.315946 0.0825781 0.115269
2 0.733256 0.182275 0.0428297 0.0425497
2 0.238686 0.218632 0.0308082 0.038218
7 0.27782 0.222056 0.0513784 0.0556068
2 0.888277 0.145836 0.0141918 0.0180511
2 0.92005 0.152261 0.0126568 0.0165629
2 0.59657 0.803467 0.270863 0.38029
2 0.427663 0.323787 0.0829879 0.118541
2 0.590527 0.215736 0.0683287 0.0637795
2 0.727631 0.182757 0.0441315 0.0436191
2 0.238667 0.218632 0.0307735 0.0382253
7 0.277841 0.222063 0.0512897 0.0555734
2 0.885221 0.145511 0.0141567 0.0195125
2 0.917732 0.151678 0.0128393 0.0174862
2 0.905405 0.168038 0.0150024 0.0199249
2 0.638273 0.822842 0.291639 0.340463
2 0.422933 0.331008 0.0824111 0.122182
2 0.581244 0.218082 0.0697422 0.0666247
2 0.722031 0.184235 0.0443747 0.0436497
2 0.238673 0.218626 0.0307634 0.0382324
7 0.277835 0.222024 0.0512969 0.0556467
2 0.882322 0.14531 0.0140976 0.0191749
2 0.903672 0.168317 0.01581 0.0199283
2 0.915569 0.151736 0.0134953 0.0175469
2 0.684156 0.843439 0.309323 0.298617
2 0.57186 0.22183 0.0702379 0.0670239
2 0.418132 0.340349 0.0831152 0.128259
2 0.716361 0.184953 0.044922 0.0442655
2 0.238653 0.218589 0.0308015 0.0382963
7 0.277841 0.222045 0.0513189 0.0556067
2 0.879358 0.145504 0.0147808 0.0189333
2 0.900995 0.168615 0.0163609 0.0205341
2 0.912975 0.152074 0.0134373 0.0176988
2 0.730651 0.866354 0.314909 0.25476
2 0.562446 0.224844 0.0714319 0.0699243
2 0.414195 0.348214 0.0824641 0.132505
2 0.710766 0.186196 0.0455256 0.0434592
2 0.238662 0.218567 0.0308064 0.0382903
7 0.277838 0.222009 0.0512525 0.0556733
2 0.898841 0.168945 0.015625 0.020647
2 0.876292 0.14547 0.0149082 0.0191277
2 0.910794 0.151789 0.0142036 0.0178655
2 0.552476 0.228395 0.0723463 0.0713313
2 0.410496 0.357846 0.0819963 0.138784
2 0.704789 0.187495 0.0467844 0.0445101
2 0.770284 0.890469 0.295216 0.205824
2 0.238669 0.218551 0.0307638 0.0382568
2 0.896171 0.169591 0.0169424 0.0212253
7 0.277797 0.222024 0.0513127 0.0556035
2 0.908424 0.152148 0.0141308 0.0184121
2 0.872996 0.145537 0.0149265 0.0193733
2 0.407549 0.367469 0.0816323 0.146247
2 0.543028 0.232655 0.073292 0.0726776
2 0.698796 0.188775 0.0481491 0.0454465
2 0.238701 0.218561 0.0308297 0.0382268
2 0.893634 0.169895 0.0176443 0.0221867
2 0.905525 0.152237 0.0138596 0.0183944
7 0.277882 0.222008 0.0512147 0.0555853
2 0.869791 0.145958 0.0155785 0.0189341
2 0.816685 0.915688 0.261727 0.159703
2 0.533215 0.236273 0.0744934 0.0744454
2 0.405306 0.37636 0.0800642 0.147087
2 0.692277 0.189999 0.049095 0.0465244
2 0.238747 0.218614 0.030889 0.0381469
2 0.891205 0.170231 0.0180925 0.0229672
2 0.866278 0.14602 0.016766 0.0193246
7 0.278063 0.222047 0.0509108 0.0555637
2 0.903223 0.152135 0.0147198 0.0183279
2 0.523633 0.240844 0.0758219 0.0767507
2 0.403014 0.385872 0.0803839 0.151117
2 0.686137 0.19094 0.0495466 0.0483409
2 0.238739 0.218606 0.030867 0.0381955
2 0.888781 0.170823 0.0184032 0.0227277
2 0.862712 0.145801 0.0167629 0.0200156
7 0.27802 0.222025 0.0509498 0.0555896
2 0.900503 0.151863 0.0147404 0.0191707
2 0.51366 0.24512 0.0771277 0.0792691
2 0.679636 0.192066 0.050916 0.049886
2 0.401594 0.399187 0.0792925 0.161676
2 0.238498 0.218558 0.0304332 0.0381383
2 0.885828 0.171096 0.0191065 0.0242916
2 0.859151 0.144739 0.0178699 0.0227523
2 0.897761 0.152182 0.0158381 0.0198714
7 0.277492 0.222176 0.0520856 0.0554615
2 0.401051 0.410878 0.0802241 0.169707
2 0.504168 0.250675 0.077195 0.0815364
2 0.673022 0.194005 0.0521581 0.0509312
2 0.238449 0.218552 0.0303429 0.0381939
2 0.883279 0.171837 0.0201176 0.0244598
2 0.894985 0.15214 0.0157036 0.0200127
2 0.854857 0.145006 0.0178291 0.0226962
7 0.277306 0.222178 0.0522393 0.0557636
2 0.494462 0.255298 0.0778384 0.0840864
2 0.40281 0.42416 0.0838868 0.179802
2 0.666108 0.19554 0.0532829 0.0510728
2 0.238492 0.218499 0.0304893 0.038212
2 0.880679 0.172214 0.019968 0.0250076
2 0.851407 0.145317 0.0196114 0.0235099
2 0.892148 0.151988 0.0160419 0.0207345
7 0.27729 0.222189 0.0522252 0.0557476
2 0.485254 0.260218 0.0786402 0.0852459
2 0.406618 0.440686 0.0880643 0.194014
2 0.659204 0.196873 0.0544205 0.0528542
2 0.238501 0.218482 0.0305033 0.0382047
2 0.877753 0.173159 0.0207634 0.0244322
2 0.846393 0.145724 0.0189144 0.0232684
2 0.888896 0.151955 0.016264 0.0209314
7 0.277304 0.222181 0.0522007 0.0557504
2 0.986336 0.171205 0.00884361 0.0138154
2 0.41091 0.455929 0.0938031 0.208185
2 0.47597 0.265983 0.0795263 0.088126
2 0.652035 0.198495 0.0553817 0.0534356
2 0.238474 0.218498 0.0305008 0.0382271
2 0.841772 0.146102 0.01894 0.0225398
2 0.874901 0.173241 0.0207993 0.0249943
2 0.885307 0.152036 0.0171139 0.0211174
7 0.277273 0.222199 0.0522789 0.0557832
2 0.416956 0.473727 0.0988632 0.21984
2 0.466793 0.271702 0.0797146 0.090764
2 0.644579 0.200189 0.0574663 0.0541089
2 0.238433 0.218546 0.0303924 0.0382082
2 0.872185 0.173777 0.0214987 0.0249482
2 0.837264 0.146733 0.0194967 0.0227037
2 0.277253 0.222276 0.0521247 0.0553282
2 0.881687 0.152402 0.0175726 0.021908
2 0.423817 0.493991 0.107216 0.238524
2 0.457953 0.278221 0.0796919 0.0923459
2 0.637375 0.203557 0.0579891 0.0532047
2 0.238392 0.218596 0.0303099 0.0382815
2 0.869252 0.174444 0.0224899 0.0261362
2 0.832595 0.145942 0.0199072 0.0252726
2 0.878553 0.152807 0.0181707 0.0219925
2 0.277321 0.222251 0.0521139 0.055518
2 0.449442 0.283577 0.080031 0.0966959
2 0.629979 0.204815 0.0586864 0.0545442
2 0.238476 0.218582 0.0304362 0.0383372
2 0.431536 0.514441 0.118902 0.250103
2 0.865757 0.175179 0.0230024 0.0253671
2 0.874722 0.153231 0.0183485 0.021457
2 0.827396 0.145825 0.0202545 0.0257594
2 0.277391 0.222208 0.0519794 0.055514
2 0.440897 0.536692 0.131098 0.263147
2 0.441199 0.291683 0.0806767 0.0980987
2 0.622667 0.20645 0.05917 0.0565331
2 0.238431 0.218606 0.0303075 0.0383207
2 0.862556 0.175792 0.0238407 0.0259088
2 0.822015 0.145897 0.0207581 0.0268146
2 0.870782 0.153004 0.019364 0.0229547
7 0.277333 0.222203 0.0521658 0.0557626
2 0.452622 0.561924 0.145153 0.280458
2 0.433441 0.298337 0.0802878 0.101632
2 0.614951 0.20843 0.0611469 0.0584573
2 0.238426 0.218584 0.0303404 0.0383536
2 0.859145 0.176301 0.0235695 0.0264479
2 0.866566 0.153294 0.0190418 0.0234538
7 0.277259 0.222385 0.052286 0.0555126
7 0.816554 0.146568 0.0217567 0.0276457
2 0.466084 0.586152 0.159918 0.295381
2 0.425733 0.306459 0.0805806 0.104275
2 0.607124 0.21009 0.0620491 0.0595804
2 0.238572 0.218632 0.0306766 0.0382065
2 0.855798 0.176956 0.0244074 0.0267505
2 0.86202 0.153624 0.0204123 0.0236737
2 0.81065 0.147009 0.0223042 0.0280561
2 0.277301 0.222274 0.0521173 0.0558475
2 0.992226 0.169744 0.00853272 0.0134281
2 0.481644 0.615075 0.177072 0.314359
2 0.418805 0.313957 0.0805305 0.109353
2 0.599887 0.213215 0.0625076 0.0602106
2 0.238534 0.218643 0.0306341 0.0381345
2 0.852236 0.177569 0.0245468 0.0276955
2 0.857879 0.153956 0.0206089 0.0235459
2 0.804481 0.147663 0.0230117 0.027586
2 0.277293 0.222202 0.0521246 0.0557735
2 0.50062 0.645681 0.196725 0.335852
2 0.412176 0.323047 0.0801363 0.113237
2 0.591963 0.21504 0.0640648 0.0618393
2 0.238578 0.218617 0.0305577 0.0381522
2 0.849124 0.178252 0.0249451 0.0285591
2 0.853194 0.154127 0.0205795 0.0235814
2 0.277277 0.221955 0.0521766 0.0558246
2 0.79805 0.148002 0.0241499 0.0283085
2 0.522386 0.678051 0.216223 0.357019
2 0.406397 0.331132 0.0792756 0.118108
2 0.583752 0.218527 0.0656866 0.0620612
2 0.238569 0.218607 0.0305533 0.0381493
2 0.844746 0.179187 0.0253311 0.0289216
2 0.848382 0.154625 0.0219196 0.0240533
2 0.791441 0.148272 0.0253593 0.0286917
2 0.277271 0.221963 0.0522056 0.0558286
2 0.994644 0.169481 0.00906715 0.0128496
2 0.547199 0.708693 0.235972 0.383963
2 0.575604 0.220239 0.0663479 0.065366
2 0.400775 0.340473 0.0788963 0.123735
2 0.238618 0.2186 0.0306444 0.0381616
2 0.841562 0.180011 0.0265121 0.0290931
2 0.843065 0.1545 0.0231247 0.0243285
2 0.277284 0.221971 0.0522017 0.0558384
7 0.783979 0.149437 0.0261086 0.0280639
2 0.995116 0.169371 0.00848007 0.0125563
2 0.575426 0.748979 0.25702 0.400761
2 0.567467 0.222477 0.0678125 0.066406
2 0.396158 0.350915 0.0785745 0.128436
2 0.238612 0.2186 0.030642 0.0381501
2 0.837319 0.181035 0.0263996 0.0289561
2 0.837631 0.155188 0.0236187 0.0246711
2 0.776466 0.149547 0.0273249 0.0297152
2 0.277286 0.221994 0.0522247 0.0557872
2 0.995734 0.169291 0.00792427 0.0120988
2 0.605749 0.783952 0.277066 0.416203
2 0.392127 0.361314 0.0783237 0.133287
2 0.559656 0.225584 0.0686253 0.0683598
2 0.238604 0.218609 0.0306333 0.0381586
2 0.832987 0.182207 0.0272152 0.0283081
2 0.768427 0.150541 0.0275372 0.0297909
2 0.831982 0.154826 0.0242512 0.0252183
2 0.277286 0.222014 0.052236 0.055789
2 0.99598 0.169185 0.00755157 0.0119721
2 0.64024 0.799577 0.296887 0.386975
2 0.388795 0.371899 0.077361 0.138452
2 0.551152 0.230124 0.070186 0.0665751
2 0.238614 0.218599 0.0306375 0.038176
2 0.828846 0.182844 0.0290245 0.0294722
2 0.825779 0.155649 0.0245659 0.0253223
2 0.760254 0.150827 0.0290085 0.0313798
7 0.277266 0.22189 0.052216 0.0559596
2 0.677512 0.815536 0.314457 0.35467
2 0.386703 0.38488 0.0767992 0.145891
2 0.542714 0.232451 0.0711648 0.0698151
2 0.238627 0.218609 0.0306267 0.0381871
2 0.824504 0.183513 0.0295673 0.0294175
2 0.819423 0.155887 0.025362 0.0255723
2 0.751323 0.152543 0.0296891 0.0309431
7 0.277269 0.221905 0.0522055 0.0559542
2 0.71762 0.832891 0.328757 0.320281
2 0.385137 0.398045 0.0766582 0.153936
2 0.534606 0.235707 0.072499 0.0712044
2 0.238624 0.218615 0.0306387 0.0381966
2 0.820363 0.184281 0.0304333 0.0297468
2 0.812324 0.156596 0.0266277 0.0272449
2 0.741969 0.153544 0.0311411 0.0317601
2 0.992441 0.360527 0.014727 0.0361909
7 0.277258 0.221941 0.0522254 0.0559647
2 0.759281 0.852643 0.335031 0.281423
2 0.385159 0.41306 0.0789083 0.16552
2 0.526255 0.239084 0.0730972 0.0725267
2 0.238748 0.218543 0.030783 0.0382629
2 0.816167 0.185369 0.0309582 0.0303563
2 0.732536 0.155542 0.0325191 0.0319658
2 0.805306 0.158043 0.0277477 0.0289308
2 0.988021 0.355634 0.0235577 0.0440957
7 0.277325 0.221988 0.0523733 0.0559608
2 0.799249 0.872125 0.331479 0.244773
2 0.518049 0.241876 0.0737621 0.0742718
2 0.388055 0.429356 0.0831052 0.178386
2 0.238647 0.218607 0.0305819 0.0382491
2 0.811429 0.186171 0.0334336 0.0312007
2 0.798089 0.158609 0.0286087 0.031116
2 0.721809 0.156401 0.032998 0.0333241
2 0.983646 0.350317 0.0323376 0.0552815
7 0.27733 0.222009 0.0524165 0.0559945
2 0.509519 0.245684 0.0750173 0.0768969
2 0.391849 0.444825 0.0890939 0.187559
2 0.837336 0.891455 0.315733 0.203677
2 0.238697 0.218568 0.0307117 0.0382192
2 0.979262 0.347557 0.0410202 0.0652876
2 0.806773 0.186764 0.0328694 0.0319539
2 0.710794 0.157714 0.0349657 0.0343558
2 0.78973 0.159706 0.0295447 0.0314854
7 0.277328 0.222024 0.0523987 0.056014
2 0.39968 0.463495 0.0918072 0.203132
2 0.500983 0.249532 0.0759933 0.0787587
2 0.238698 0.218567 0.0307117 0.0382165
2 0.802036 0.188625 0.0327398 0.0325839
2 0.975927 0.34026 0.0477741 0.0657803
2 0.780874 0.160891 0.0309852 0.03239
2 0.867507 0.91103 0.264682 0.16397
2 0.699017 0.159618 0.0369717 0.0356025
7 0.277339 0.222034 0.0524122 0.055997
2 0.405636 0.482805 0.102022 0.217854
2 0.492517 0.253806 0.07673 0.0805058
2 0.973058 0.333008 0.0536129 0.0684074
2 0.79741 0.188963 0.0337817 0.0336777
2 0.238567 0.218507 0.0305309 0.0383997
2 0.771713 0.162034 0.0322165 0.0330207
2 0.686804 0.161119 0.0382828 0.0366528
7 0.277173 0.222001 0.0525749 0.0558135
2 0.413267 0.50339 0.115284 0.232015
2 0.484403 0.257871 0.0774773 0.0823277
2 0.969429 0.323037 0.0607468 0.0699137
2 0.761985 0.163892 0.0340813 0.0344527
2 0.792529 0.189787 0.0356292 0.0341397
2 0.238566 0.218492 0.0305197 0.0383916
7 0.277176 0.222011 0.0525967 0.0558065
2 0.673325 0.163651 0.0396214 0.0383652
2 0.424097 0.527282 0.128122 0.248585
2 0.476393 0.262126 0.0782986 0.0828089
2 0.787095 0.190535 0.0365999 0.035516
2 0.964593 0.318635 0.0600948 0.0669971
2 0.751438 0.165121 0.0353243 0.0367129
2 0.238563 0.218496 0.0305076 0.0383969
7 0.277179 0.222021 0.0525972 0.0558333
2 0.658757 0.165128 0.0422802 0.0406439
2 0.436339 0.5533 0.144081 0.262901
2 0.468344 0.266657 0.0789303 0.0849898
2 0.958293 0.309227 0.0583897 0.0646459
2 0.782259 0.190923 0.0363024 0.0358754
2 0.740482 0.166047 0.0373632 0.0371224
2 0.238556 0.218498 0.0305035 0.0384072
2 0.643671 0.16657 0.0438051 0.0426805
7 0.277178 0.222022 0.0525963 0.055809
2 0.451883 0.580696 0.160285 0.280805
2 0.460531 0.271395 0.0793808 0.0869465
2 0.951941 0.302643 0.0560461 0.0622775
2 0.777266 0.192142 0.0371904 0.0371706
2 0.72852 0.1684 0.0395011 0.0390994
2 0.238584 0.218501 0.0305445 0.0383448
2 0.627324 0.170077 0.0453462 0.0427062
7 0.277224 0.221995 0.0524984 0.0557659
2 0.47005 0.610225 0.178397 0.297852
2 0.452488 0.276151 0.0804056 0.0884449
2 0.772089 0.192831 0.0387457 0.0401744
2 0.94601 0.2957 0.0535316 0.0600982
2 0.238602 0.218525 0.0305449 0.038421
2 0.716138 0.170831 0.041821 0.0383705
7 0.610563 0.174503 0.0489632 0.04344
7 0.27725 0.221999 0.052446 0.0557634
2 0.490623 0.640817 0.198134 0.319158
2 0.44472 0.280976 0.0807222 0.0904755
2 0.702344 0.172674 0.0434753 0.042702
2 0.941357 0.289953 0.0503969 0.0578696
2 0.767606 0.195747 0.0403078 0.0381281
2 0.238586 0.218563 0.0304837 0.0383081
2 0.591829 0.177853 0.0504604 0.0450726
2 0.277209 0.222052 0.052336 0.0555117
7 0.944431 0.139888 0.0122906 0.0233764
2 0.514457 0.673705 0.217222 0.339181
2 0.436938 0.285792 0.0814659 0.0929755
2 0.761675 0.196848 0.0396061 0.0372823
2 0.238538 0.21859 0.0304181 0.0382102
2 0.687324 0.175875 0.0459902 0.0426043
2 0.936202 0.284579 0.0489052 0.0576597
2 0.572645 0.181348 0.0539759 0.0476709
2 0.27721 0.222078 0.0523492 0.0554478
2 0.541898 0.708361 0.236858 0.361
2 0.429148 0.291378 0.0822617 0.0945754
2 0.756553 0.198325 0.0410942 0.0393725
2 0.671153 0.179074 0.0480244 0.0429602
2 0.238552 0.218581 0.0304809 0.0382774
2 0.931491 0.279321 0.0461655 0.0558094
2 0.277222 0.222116 0.0523683 0.0554064
7 0.551126 0.185311 0.055464 0.0518551
2 0.572121 0.746434 0.257938 0.38049
2 0.421606 0.296507 0.0826522 0.0970364
2 0.7515 0.199748 0.0425573 0.0384104
2 0.653647 0.181472 0.0517805 0.0481294
2 0.238554 0.218551 0.0304729 0.0382948
2 0.927595 0.273474 0.0439596 0.0542263
2 0.277214 0.222112 0.0523596 0.0553892
7 0.528048 0.192281 0.0574921 0.0508857
2 0.605325 0.783602 0.277498 0.400958
2 0.414327 0.302391 0.0837387 0.0986326
2 0.635142 0.185508 0.0536179 0.0495141
2 0.745669 0.201393 0.0428003 0.040196
2 0.238559 0.21856 0.0304897 0.0382757
2 0.923605 0.269389 0.0419186 0.0514748
2 0.504215 0.196863 0.0610058 0.0543234
2 0.277223 0.222096 0.0523535 0.0554169
2 0.641726 0.802977 0.295592 0.382756
2 0.406793 0.308947 0.0847648 0.101898
2 0.614841 0.190864 0.056811 0.0504122
2 0.740022 0.202376 0.0434248 0.0410104
2 0.238569 0.218555 0.0305067 0.0382628
2 0.478585 0.204894 0.0637373 0.0558184
2 0.920311 0.264474 0.0397148 0.0509041
2 0.277233 0.222081 0.0523314 0.0554292
2 0.680958 0.81907 0.311705 0.347613
2 0.399788 0.314743 0.0853506 0.10482
2 0.593169 0.194811 0.0608125 0.0548878
2 0.73418 0.204353 0.0452272 0.041541
2 0.450347 0.212286 0.065202 0.0593819
2 0.238473 0.218578 0.0304577 0.0382393
2 0.91805 0.260336 0.0376875 0.0501582
2 0.277255 0.222262 0.052347 0.0551122
2 0.721774 0.836342 0.32392 0.31365
2 0.392735 0.321213 0.0860968 0.107955
2 0.568771 0.199741 0.063624 0.0588442
2 0.729217 0.205988 0.0460906 0.0420417
2 0.238478 0.218587 0.0304619 0.0382437
2 0.421312 0.220534 0.0689366 0.0628167
2 0.915154 0.256017 0.0355988 0.0481159
2 0.277261 0.22225 0.0523533 0.0551234
2 0.764236 0.854556 0.325353 0.277948
2 0.386398 0.328829 0.0863164 0.111328
2 0.542903 0.206437 0.0670147 0.0608621
2 0.723409 0.207793 0.0464957 0.0427956
2 0.238433 0.218603 0.0303967 0.0382625
2 0.389364 0.230306 0.0733659 0.0666306
2 0.91311 0.251575 0.033724 0.0468809
2 0.277221 0.222286 0.0524515 0.0551847
2 0.806136 0.874152 0.323378 0.242807
2 0.379728 0.335427 0.0866219 0.114772
2 0.717723 0.209761 0.047077 0.0432879
2 0.356309 0.239654 0.075177 0.0730764
2 0.238472 0.218631 0.0305401 0.0382291
2 0.514957 0.21541 0.0711108 0.0617908
2 0.277286 0.22218 0.0522118 0.0553893
2 0.911234 0.247701 0.0317757 0.0461071
2 0.373476 0.343613 0.0870016 0.11884
2 0.840236 0.891813 0.297464 0.203632
2 0.484537 0.223434 0.0760202 0.066748
2 0.712858 0.211744 0.0472612 0.0439175
2 0.23843 0.218684 0.0304243 0.0382768
2 0.321174 0.250996 0.0776121 0.0792446
7 0.909068 0.243317 0.0310345 0.0454898
7 0.277266 0.222116 0.0522969 0.0555075
2 0.36711 0.351113 0.0873616 0.122629
2 0.452218 0.233169 0.0808245 0.0717551
2 0.706899 0.213984 0.0489861 0.0454098
2 0.238249 0.218657 0.0301104 0.0383993
2 0.28538 0.266724 0.0800352 0.0783662
2 0.874866 0.911827 0.250267 0.164305
7 0.90807 0.240678 0.02841 0.0425655
2 0.276473 0.219576 0.0509247 0.0504099
2 0.361428 0.360075 0.0870598 0.125604
2 0.416606 0.244632 0.0848556 0.0769551
2 0.700739 0.215566 0.0495539 0.0473301
2 0.238553 0.218552 0.0306585 0.0383201
2 0.248343 0.282267 0.0792001 0.081989
7 0.277265 0.220318 0.0522108 0.0517537
7 0.907045 0.236592 0.0270321 0.0423602
2 0.355955 0.368915 0.0861919 0.129319
2 0.378668 0.256426 0.0888493 0.0810196
2 0.695459 0.217884 0.050058 0.0476207
2 0.238394 0.218547 0.0304146 0.0383037
7 0.208276 0.297165 0.0831308 0.0891947
2 0.906077 0.233843 0.0256863 0.0417098
2 0.277202 0.222124 0.052201 0.0551751
2 0.350995 0.37858 0.0860627 0.135122
2 0.338172 0.270926 0.0923867 0.0879725
2 0.690161 0.221103 0.0505857 0.0476674
2 0.238374 0.218636 0.0302805 0.0383925
7 0.168962 0.313815 0.0816944 0.0962589
2 0.27719 0.222128 0.05225 0.0553563
7 0.90581 0.230852 0.0252228 0.0405228
2 0.347447 0.388448 0.0843225 0.141173
2 0.295966 0.288446 0.0957731 0.0914193
2 0.684593 0.223133 0.0512245 0.0498734
2 0.238328 0.218633 0.0302401 0.0384017
7 0.128891 0.333535 0.0814369 0.099111
7 0.27725 0.222121 0.0524272 0.0555484
7 0.905315 0.227786 0.0241446 0.0401489
2 0.343713 0.399563 0.0838604 0.147493
2 0.250987 0.307677 0.0982894 0.0951764
2 0.678263 0.226128 0.0537575 0.0515909
2 0.238298 0.218644 0.0302983 0.0384677
7 0.0902135 0.355212 0.0806095 0.10025
2 0.277221 0.222115 0.0522983 0.0552182
2 0.340891 0.410984 0.0817886 0.1535
2 0.205059 0.327364 0.0991709 0.101055
2 0.673715 0.227245 0.0523111 0.0554841
2 0.238335 0.218687 0.030474 0.0383968
7 0.277352 0.222369 0.0523743 0.0556609
2 0.0510513 0.378377 0.0789633 0.100437
2 0.905172 0.223182 0.0235943 0.0368593
2 0.158254 0.349086 0.0985223 0.108338
2 0.339262 0.421978 0.0799955 0.15887
2 0.668909 0.231163 0.0527749 0.0543848
2 0.238216 0.218629 0.0301519 0.03853
7 0.277227 0.222062 0.0524664 0.0559223
2 0.0260425 0.390547 0.0518479 0.0853303
2 0.110929 0.373277 0.0976345 0.114153
2 0.663844 0.23398 0.0535032 0.0569466
2 0.33822 0.434327 0.0784115 0.166958
2 0.238265 0.218635 0.0301993 0.0385288
7 0.277239 0.222122 0.0523973 0.0560107
2 0.00784097 0.404145 0.0155246 0.0681605
2 0.913682 0.140861 0.0139172 0.0175115
2 0.905049 0.218029 0.0229584 0.0356474
2 0.337923 0.446751 0.0787428 0.176356
2 0.0648251 0.398898 0.0952336 0.116737
2 0.659136 0.238534 0.0544437 0.0577034
2 0.238297 0.218679 0.0302132 0.0382479
7 0.277384 0.222263 0.0524703 0.0556235
2 0.340229 0.461785 0.0825034 0.185455
2 0.65417 0.24091 0.0548812 0.0603049
2 0.0337268 0.419265 0.0674358 0.107678
2 0.238271 0.218682 0.0301398 0.038219
7 0.277369 0.222249 0.0524886 0.0556048
2 0.906793 0.214023 0.0232365 0.0341618
2 0.34371 0.475942 0.0872153 0.194767
2 0.648997 0.244697 0.0547577 0.061623
2 0.238276 0.218715 0.0301273 0.0382654
2 0.0125098 0.436017 0.0248468 0.0860114
7 0.277369 0.222266 0.0524771 0.0555901
2 0.907583 0.212399 0.0232525 0.0339655
2 0.348554 0.491994 0.0937762 0.207872
2 0.644744 0.248887 0.054777 0.0624624
2 0.238276 0.218713 0.0300999 0.0381809
2 0.908486 0.210188 0.0217522 0.0338782
7 0.277364 0.222269 0.0524734 0.0555847
2 0.355326 0.508799 0.0982484 0.22187
2 0.64061 0.253552 0.055896 0.0645496
2 0.238271 0.218683 0.0301116 0.0382357
2 0.911529 0.20864 0.0256903 0.0321856
7 0.277358 0.222256 0.0524689 0.0555541
2 0.939027 0.14824 0.00899124 0.007621
2 0.636167 0.257001 0.0555444 0.0684439
2 0.238266 0.218694 0.0301191 0.0382512
2 0.911593 0.207188 0.0230209 0.0318203
7 0.277359 0.222265 0.0524687 0.0555609
2 0.345921 0.526927 0.13875 0.235243
2 0.937376 0.148129 0.0097744 0.00818214
2 0.901198 0.140659 0.0147568 0.0160813
2 0.369174 0.544972 0.117545 0.247644
2 0.632457 0.262047 0.0547098 0.0692762
2 0.238263 0.218701 0.0301075 0.0382403
2 0.91286 0.205567 0.0235081 0.0311685
7 0.277357 0.22228 0.0524682 0.0555553
2 0.935991 0.147787 0.00901642 0.00767379
2 0.37841 0.564776 0.130609 0.259615
2 0.629007 0.26688 0.0549786 0.0711994
2 0.238261 0.218695 0.0300934 0.0382268
2 0.913698 0.203983 0.0226833 0.0305798
7 0.277355 0.222279 0.0524612 0.0555349
2 0.38903 0.585766 0.143512 0.272925
2 0.62605 0.272932 0.0544743 0.0739865
2 0.238257 0.218705 0.0300964 0.0382423
7 0.277354 0.22228 0.0524713 0.0555216
2 0.914545 0.203042 0.0209803 0.0299309
2 0.894409 0.139355 0.0151983 0.0172341
2 0.932403 0.147293 0.0102711 0.00835701
2 0.401429 0.608082 0.156962 0.284491
2 0.623047 0.277463 0.0547125 0.077923
2 0.238256 0.218652 0.0300876 0.0383005
7 0.277353 0.22229 0.0525387 0.0556696
2 0.930987 0.147608 0.0105707 0.00948029
2 0.916152 0.201269 0.0207378 0.0293465
2 0.892585 0.139151 0.0153805 0.0174487
2 0.415534 0.631115 0.171877 0.29971
2 0.620472 0.283485 0.0538323 0.0805518
2 0.238247 0.21859 0.0300713 0.038379
2 0.277157 0.222347 0.0525168 0.0556553
2 0.929084 0.147716 0.0108606 0.00946645
2 0.918028 0.199487 0.0204571 0.0286655
7 0.890177 0.140581 0.0159561 0.0145119
2 0.431275 0.654652 0.187676 0.314647
2 0.618621 0.287858 0.0528592 0.0847438
2 0.23825 0.2186 0.0300685 0.0383578
2 0.277154 0.222356 0.0525376 0.0556594
2 0.919771 0.197924 0.0212486 0.0297055
2 0.92756 0.147992 0.0106792 0.00975448
2 0.448957 0.679298 0.203017 0.33135
2 0.617402 0.296542 0.0526757 0.083924
2 0.238288 0.218596 0.0300602 0.0383527
2 0.920987 0.197165 0.0204958 0.0288328
7 0.277263 0.222296 0.0525636 0.055971
2 0.925919 0.147684 0.0108397 0.00921745
2 0.468014 0.705952 0.219956 0.345606
2 0.616206 0.302577 0.0528166 0.0880325
2 0.23828 0.218609 0.0300487 0.0383436
7 0.277211 0.222294 0.0524773 0.0559562
2 0.92436 0.147573 0.0116966 0.0101202
7 0.922445 0.195931 0.0192707 0.0277585
2 0.490115 0.733292 0.234292 0.362106
2 0.616286 0.310518 0.0532589 0.0901749
2 0.238297 0.2186 0.0300545 0.0383704
7 0.277208 0.22226 0.0524007 0.0560253
2 0.922484 0.147611 0.011171 0.00965996
7 0.923721 0.194618 0.019474 0.0278873
2 0.513893 0.761868 0.250107 0.377424
2 0.617262 0.318016 0.0548265 0.0947838
2 0.2383 0.218598 0.0300661 0.0383856
7 0.277214 0.222255 0.0524207 0.0560419
2 0.9205 0.147781 0.012364 0.0106799
2 0.54008 0.79173 0.26702 0.3936
2 0.619021 0.326961 0.0555187 0.100298
2 0.238307 0.218615 0.0300581 0.0383525
7 0.277215 0.222258 0.0524062 0.0560546
2 0.918867 0.147711 0.0122818 0.0106357
2 0.568313 0.806853 0.283622 0.375304
2 0.621421 0.335237 0.0575449 0.103507
2 0.238298 0.21861 0.0300306 0.0383418
7 0.277193 0.222262 0.0524091 0.0560215
2 0.917338 0.146854 0.0114597 0.0126363
2 0.928487 0.192442 0.0181828 0.0257652
2 0.872825 0.140014 0.0178436 0.0140909
2 0.600577 0.81983 0.297264 0.348895
2 0.623568 0.345506 0.0604467 0.110371
2 0.238274 0.218603 0.0299851 0.0383657
7 0.277151 0.222268 0.0525293 0.0560371
2 0.914965 0.147256 0.0118534 0.0124715
2 0.870339 0.140527 0.0177633 0.0134468
2 0.635406 0.83326 0.312528 0.31782
2 0.627144 0.35552 0.0652873 0.115829
2 0.238243 0.218546 0.0299808 0.0384936
7 0.277062 0.222124 0.0525511 0.0560422
2 0.913432 0.146734 0.0121105 0.01292
2 0.672437 0.849594 0.322737 0.289699
2 0.630997 0.36643 0.0704651 0.123849
2 0.238314 0.218573 0.0300163 0.0383625
2 0.277188 0.222112 0.0524542 0.0559495
2 0.912042 0.146752 0.0134743 0.0137229
2 0.711312 0.867134 0.327147 0.255086
2 0.635962 0.380073 0.0763857 0.129137
2 0.238252 0.218561 0.0298971 0.0383953
2 0.277164 0.222087 0.052509 0.0558999
2 0.641059 0.392137 0.0824469 0.135987
2 0.238147 0.218482 0.0297328 0.0383163
2 0.735874 0.885014 0.296572 0.219359
7 0.277151 0.22219 0.052509 0.0559025
2 0.907483 0.146311 0.0123974 0.0146068
2 0.859237 0.138758 0.0193661 0.0179279
2 0.648043 0.406246 0.0897339 0.142276
2 0.238146 0.218492 0.0297282 0.0383247
7 0.277147 0.222196 0.0525138 0.0558983
2 0.772398 0.90224 0.2896 0.182826
2 0.856405 0.139729 0.0198395 0.0147474
2 0.655669 0.420428 0.0969563 0.151732
2 0.238148 0.218492 0.0297524 0.0383327
7 0.277161 0.222182 0.0524943 0.0559297
2 0.816918 0.923096 0.250679 0.144815
2 0.902843 0.146553 0.0131592 0.0155664
2 0.664983 0.432546 0.106137 0.167402
2 0.238137 0.218492 0.0297417 0.0383351
7 0.277135 0.222215 0.0525421 0.0558308
2 0.863855 0.944335 0.217268 0.105857
2 0.900581 0.146143 0.012681 0.015344
2 0.675031 0.449133 0.114615 0.176839
2 0.238191 0.218521 0.0298833 0.0382909
7 0.277192 0.222268 0.0524261 0.0557861
2 0.897939 0.145794 0.0132896 0.0168624
2 0.848629 0.139325 0.0184277 0.0152019
2 0.685834 0.472103 0.124346 0.176388
2 0.238181 0.218488 0.0298977 0.038375
7 0.277179 0.22221 0.0523661 0.0560139
2 0.845506 0.139498 0.0194988 0.014895
2 0.943893 0.985784 0.0972229 0.0276686
2 0.895158 0.145999 0.0140335 0.0167572
2 0.699331 0.490749 0.132422 0.186298
2 0.238265 0.218548 0.029983 0.038356
7 0.277187 0.222185 0.052344 0.0559585
2 0.892836 0.146494 0.0133272 0.016459
2 0.714229 0.51058 0.143685 0.196763
2 0.238237 0.218608 0.0299608 0.0383041
7 0.27714 0.222274 0.0523899 0.0559736
2 0.889846 0.146514 0.0144262 0.0168322
2 0.73059 0.530854 0.153503 0.20905
2 0.238259 0.218635 0.0300226 0.0382956
7 0.277159 0.22224 0.0523299 0.0558025
2 0.887128 0.146848 0.0143085 0.0163645
2 0.836443 0.139787 0.0196388 0.0141557
2 0.748076 0.553235 0.163429 0.22065
2 0.238239 0.218622 0.0299903 0.0383239
7 0.277153 0.222231 0.0523148 0.0558495
2 0.884819 0.146519 0.0163567 0.0174273
2 0.833271 0.13979 0.0216141 0.0134096
2 0.767299 0.576667 0.173233 0.234059
2 0.238231 0.21863 0.0300035 0.0383004
7 0.277152 0.222249 0.052293 0.055808
2 0.881257 0.146486 0.0148911 0.017411
2 0.830442 0.139947 0.0203005 0.0138235
2 0.789073 0.600834 0.185053 0.246926
2 0.238232 0.218626 0.0300005 0.0383105
7 0.277162 0.22222 0.0522742 0.0558576
2 0.878307 0.146714 0.0158398 0.0173267
2 0.810177 0.627229 0.197336 0.258473
2 0.238308 0.21861 0.0300673 0.0381393
7 0.277152 0.22218 0.0522888 0.0558223
2 0.875048 0.146592 0.0156666 0.0178593
2 0.824 0.135961 0.0237173 0.0222005
2 0.833864 0.654232 0.207803 0.268472
2 0.238311 0.218606 0.0300645 0.0381381
2 0.871577 0.146377 0.0160843 0.0182572
7 0.277151 0.222192 0.0522893 0.0558372
2 0.820924 0.135554 0.0236111 0.0220064
2 0.858596 0.680605 0.216805 0.27825
2 0.238316 0.218611 0.0300735 0.0381493
2 0.868103 0.146584 0.0160728 0.0178436
7 0.277153 0.222196 0.0522876 0.0558459
2 0.81821 0.135901 0.0234133 0.0222882
2 0.886017 0.708532 0.221795 0.284919
2 0.238315 0.21861 0.0300743 0.0381389
2 0.864599 0.146729 0.016507 0.0178584
7 0.277153 0.222187 0.0522846 0.0558361
2 0.814661 0.135585 0.0240232 0.0233159
2 0.900262 0.735907 0.199158 0.292932
2 0.238315 0.218613 0.0300671 0.0381398
2 0.860572 0.146385 0.0171471 0.0186914
7 0.277152 0.222188 0.0522887 0.05584
2 0.812057 0.135454 0.0238476 0.023839
2 0.914608 0.759865 0.170391 0.292959
2 0.238325 0.21861 0.0300724 0.0381442
2 0.856669 0.146481 0.0179501 0.0191909
2 0.80759 0.135697 0.025053 0.023495
7 0.277181 0.222289 0.0522465 0.0560791
2 0.928988 0.773225 0.141417 0.267966
2 0.238263 0.218565 0.030111 0.0382522
2 0.852756 0.146522 0.0185989 0.019644
2 0.804534 0.136018 0.025808 0.0236888
7 0.277137 0.222254 0.0523489 0.056025
2 0.944127 0.78379 0.111245 0.236099
2 0.238266 0.218584 0.0301161 0.0382388
2 0.848469 0.146414 0.018549 0.0199618
2 0.800928 0.135685 0.025912 0.0236451
7 0.277141 0.222325 0.0523645 0.0559114
2 0.960547 0.79722 0.0784851 0.208237
2 0.238264 0.218574 0.0301151 0.0382303
2 0.844276 0.146662 0.0194582 0.0204481
2 0.796645 0.135779 0.0268182 0.0241863
7 0.277144 0.222308 0.0523601 0.0559064
2 0.238257 0.218563 0.0301016 0.0382522
2 0.839452 0.147394 0.0195465 0.0203592
2 0.794123 0.135992 0.0260942 0.0237732
2 0.277156 0.222441 0.0522998 0.0557155
2 0.977233 0.815667 0.0451153 0.194529
2 0.238291 0.218546 0.0301706 0.0382663
2 0.834577 0.147797 0.0204369 0.0212694
2 0.790768 0.135854 0.0266909 0.0245449
2 0.277163 0.222463 0.0522826 0.0556718
2 0.238274 0.218564 0.0301298 0.0382567
2 0.829514 0.147722 0.0219818 0.0214714
2 0.786579 0.135969 0.0265438 0.0247625
2 0.27717 0.222458 0.0522842 0.0556729
2 0.238523 0.218388 0.0304173 0.0384828
2 0.782464 0.135145 0.0275127 0.0266817
2 0.824054 0.14834 0.0224918 0.0221015
2 0.277117 0.222305 0.0524641 0.0556386
2 0.238507 0.218393 0.0304352 0.038485
2 0.818827 0.14853 0.0225653 0.02257
2 0.778873 0.135764 0.0286291 0.0264759
2 0.277115 0.222305 0.0524794 0.0556348
2 0.238508 0.21841 0.030443 0.0384792
2 0.812816 0.149102 0.0229511 0.0227405
2 0.775054 0.136142 0.0283894 0.0266445
7 0.27709 0.222179 0.052497 0.0558152
2 0.238296 0.218527 0.0303653 0.0383263
2 0.806868 0.149409 0.0239416 0.0237444
2 0.771465 0.136403 0.0299515 0.0269515
7 0.277024 0.222318 0.0526052 0.0554815
2 0.238264 0.218542 0.0302712 0.0384633
2 0.800445 0.149835 0.024509 0.0243464
2 0.767393 0.136533 0.0290291 0.0265296
7 0.277012 0.222206 0.0527276 0.055555
2 0.238304 0.218497 0.0302602 0.0384546
2 0.793644 0.150337 0.0254777 0.0245975
7 0.277035 0.222273 0.0525978 0.0555625
2 0.763035 0.136809 0.0300621 0.027443
2 0.238331 0.218486 0.0302978 0.0384756
2 0.786696 0.15107 0.0270652 0.0254668
2 0.759265 0.137186 0.0308512 0.0278537
7 0.27699 0.22225 0.0527608 0.0555901
2 0.238344 0.218463 0.0302644 0.0385008
2 0.779496 0.151822 0.0266953 0.0254856
2 0.75529 0.137443 0.0305433 0.0275287
7 0.27699 0.22225 0.0527461 0.0555655
2 0.238341 0.218466 0.0302765 0.0385015
2 0.771097 0.152632 0.0283145 0.0264532
7 0.276992 0.222257 0.0527315 0.0555389
2 0.750911 0.137621 0.0297647 0.0279503
2 0.762649 0.153342 0.029272 0.0272232
2 0.238336 0.21846 0.0302828 0.0385166
7 0.276964 0.222295 0.0528074 0.0553215
2 0.746567 0.137354 0.0321776 0.0293682
2 0.238341 0.218454 0.0302862 0.0385161
2 0.754156 0.154228 0.0307663 0.0269806
7 0.276963 0.222228 0.0527798 0.0555559
2 0.733985 0.143235 0.0140167 0.0167964
2 0.742464 0.137975 0.0318192 0.0272395
2 0.238343 0.218453 0.0302886 0.0385154
2 0.744969 0.155704 0.0322649 0.0280946
7 0.276965 0.22228 0.0528177 0.055314
2 0.238324 0.218457 0.0302842 0.038475
2 0.734727 0.15651 0.03405 0.0294148
7 0.277081 0.222076 0.0528382 0.0558544
2 0.238314 0.218457 0.0303079 0.038535
2 0.724462 0.15774 0.0360752 0.0304008
7 0.277065 0.222036 0.0528498 0.0559023
2 0.729488 0.137246 0.035403 0.0253297
2 0.238372 0.218446 0.0303868 0.038501
2 0.713188 0.159083 0.0374943 0.0309231
7 0.277091 0.222072 0.0528402 0.0560763
2 0.725835 0.138773 0.0344448 0.0281743
2 0.238382 0.218456 0.030398 0.038501
2 0.700968 0.161203 0.0389391 0.0318697
7 0.277087 0.222066 0.0528384 0.0560751
2 0.720561 0.139325 0.0354292 0.0300198
2 0.688466 0.162499 0.0409515 0.0331524
2 0.238285 0.218479 0.03026 0.0382905
7 0.277065 0.222131 0.0529051 0.055977
7 0.716389 0.139876 0.0369724 0.0324888
2 0.674596 0.164833 0.0425181 0.0350062
2 0.238276 0.218417 0.0300917 0.0384792
7 0.277083 0.222137 0.0528533 0.0559796
7 0.711027 0.140923 0.0389118 0.0320968
2 0.660138 0.167295 0.0448118 0.0351376
2 0.238265 0.218437 0.0300768 0.0384557
7 0.277072 0.222147 0.05287 0.0559831
2 0.706394 0.141003 0.0389254 0.0323915
2 0.644869 0.169792 0.0468681 0.0366483
2 0.238265 0.218435 0.030096 0.0384466
7 0.277067 0.222144 0.0528751 0.0559887
7 0.701584 0.140908 0.0391975 0.0331439
2 0.628567 0.173045 0.0490409 0.0388406
2 0.238265 0.218434 0.030094 0.0384422
7 0.277067 0.222145 0.0528767 0.0559876
7 0.696999 0.141087 0.0415043 0.0349959
2 0.611022 0.176101 0.0518585 0.0412914
2 0.238266 0.218434 0.0300943 0.0384421
7 0.277067 0.222139 0.0528783 0.0559789
7 0.691996 0.142513 0.0404123 0.0341193
2 0.591721 0.179564 0.0548889 0.0427172
2 0.238266 0.218433 0.0300945 0.038441
7 0.27707 0.222141 0.0528779 0.055976
2 0.687164 0.143736 0.0405743 0.0340337
2 0.571439 0.183869 0.0579994 0.0439158
2 0.238265 0.218434 0.0300929 0.0384402
7 0.277069 0.222141 0.0528786 0.0559787
2 0.682213 0.144253 0.0415257 0.034222
2 0.993439 0.169375 0.0127287 0.0153938
2 0.549682 0.188623 0.06066 0.0460314
2 0.23821 0.218379 0.0299103 0.038426
7 0.277038 0.222328 0.0528399 0.0556213
2 0.677172 0.144457 0.0427087 0.0350478
2 0.526674 0.19438 0.0638111 0.048149
2 0.238209 0.218414 0.0299148 0.0385021
7 0.27706 0.22231 0.0528241 0.0555935
7 0.672156 0.14539 0.0434679 0.0344544
2 0.501383 0.200662 0.0659919 0.0489267
2 0.238197 0.218454 0.0301097 0.0383391
7 0.277072 0.22237 0.0528463 0.0555313
2 0.666579 0.145898 0.0439792 0.0355
2 0.474747 0.207306 0.0702011 0.053541
2 0.238172 0.218483 0.0301597 0.0383035
7 0.277049 0.222222 0.0528752 0.0556794
2 0.661605 0.146749 0.0445181 0.035942
2 0.445493 0.214545 0.0732065 0.0586164
2 0.238133 0.218488 0.0300844 0.0383089
2 0.656098 0.14718 0.0450422 0.036598
7 0.277052 0.222225 0.0528444 0.0557007
2 0.415812 0.224215 0.0761781 0.0590836
2 0.238169 0.218442 0.0299296 0.0384241
2 0.651226 0.147733 0.0459744 0.0371571
7 0.277047 0.22223 0.052884 0.0557014
2 0.383553 0.234162 0.0792848 0.0635944
2 0.238165 0.218496 0.0299322 0.0383572
2 0.645722 0.148776 0.0459333 0.0366283
7 0.277044 0.222253 0.0529298 0.0556899
2 0.349671 0.24517 0.0811733 0.0676771
2 0.238166 0.218492 0.029932 0.0383893
2 0.63971 0.149545 0.0476318 0.0380559
7 0.277031 0.222263 0.0528947 0.0557326
2 0.313949 0.257729 0.0836668 0.0728892
2 0.238122 0.21855 0.0302523 0.0382241
7 0.27704 0.22207 0.0530478 0.0555077
2 0.634767 0.150284 0.048546 0.0375181
2 0.27649 0.273503 0.0852946 0.0719076
2 0.238028 0.218509 0.0303267 0.0382568
7 0.277205 0.219445 0.0533574 0.0501022
2 0.629348 0.151335 0.049629 0.0376835
2 0.236422 0.288624 0.0890125 0.0778586
2 0.238035 0.218442 0.0303723 0.0380761
2 0.623875 0.151985 0.0512735 0.0389925
2 0.276901 0.222154 0.0527749 0.0548692
2 0.197229 0.305486 0.0879643 0.0825233
2 0.238111 0.218515 0.0303437 0.0380847
2 0.617703 0.152567 0.0524797 0.0396453
7 0.277083 0.222118 0.0528105 0.0552941
2 0.997468 0.168714 0.00469322 0.0104795
2 0.157001 0.322703 0.0871607 0.0881888
2 0.238199 0.218541 0.0303515 0.0381002
2 0.611216 0.153291 0.0541134 0.0402161
7 0.277006 0.22214 0.0527459 0.0556103
2 0.116782 0.34238 0.0858419 0.0932549
2 0.238186 0.218552 0.0303252 0.0381129
2 0.605335 0.154415 0.0556686 0.0413724
7 0.277022 0.222144 0.0527328 0.0556076
2 0.0759312 0.364846 0.0856956 0.0939761
2 0.238198 0.218546 0.0303618 0.0381025
7 0.277017 0.22215 0.0527388 0.0555984
2 0.599361 0.15532 0.0568722 0.0408937
2 0.0391173 0.386862 0.0782345 0.0953712
2 0.238198 0.218529 0.0303471 0.0380591
7 0.277023 0.222149 0.0527267 0.0555902
7 0.593231 0.156007 0.0596632 0.0415319
2 0.020022 0.397845 0.0398283 0.0705256
2 0.238203 0.2185 0.0303423 0.0380837
2 0.587552 0.157005 0.0585222 0.0424146
7 0.276993 0.222103 0.0527818 0.0557014
2 0.238203 0.218504 0.0303288 0.0380814
7 0.276994 0.222096 0.0527886 0.0557094
7 0.580639 0.157365 0.0611704 0.0426494
2 0.238169 0.218502 0.0303404 0.0381294
7 0.276968 0.22205 0.0527179 0.0556934
2 0.575128 0.15796 0.0615049 0.0432933
2 0.238174 0.218472 0.0303731 0.038147
2 0.568663 0.158818 0.0631827 0.0434832
7 0.276972 0.222101 0.0527342 0.0557618
2 0.238222 0.218431 0.0303716 0.038096
2 0.56229 0.159704 0.0638091 0.0457105
7 0.276949 0.222076 0.0527126 0.0558399
2 0.238201 0.218457 0.03036 0.0380552
7 0.276935 0.222078 0.0527626 0.0557876
2 0.556367 0.160746 0.0651216 0.0450665
2 0.549164 0.161432 0.0658776 0.0461946
2 0.238224 0.218459 0.0304068 0.0380525
7 0.276913 0.222056 0.052811 0.0558826
2 0.23826 0.218466 0.0304927 0.0380476
7 0.276929 0.222048 0.0527858 0.055901
7 0.542363 0.163295 0.0668774 0.0449426
2 0.238188 0.218444 0.0303461 0.0381234
7 0.277081 0.222095 0.05275 0.0557743
2 0.534485 0.163591 0.0694378 0.0465436
2 0.918473 0.145196 0.0122166 0.0168823
2 0.238219 0.218448 0.0304255 0.0381203
7 0.277113 0.222094 0.0526852 0.0558032
2 0.527494 0.164836 0.0689106 0.0463403
2 0.916165 0.145111 0.0118446 0.0165339
2 0.238224 0.218453 0.0304446 0.0381242
7 0.27711 0.222088 0.0526944 0.0558266
2 0.520791 0.165804 0.0689077 0.0476377
2 0.913745 0.145445 0.0122402 0.0165434
2 0.512856 0.166958 0.0710661 0.0466917
2 0.238225 0.218453 0.0304433 0.0381341
7 0.277109 0.222087 0.0526969 0.0558283
2 0.911705 0.14522 0.012772 0.0167832
2 0.238221 0.218456 0.0304346 0.0381384
2 0.505565 0.167875 0.0719757 0.0478221
7 0.277106 0.222088 0.0527032 0.0558279
2 0.909415 0.145209 0.0128855 0.0170809
3 0.89542 0.158681 0.0158539 0.0234149
2 0.238221 0.218454 0.0304357 0.0381327
7 0.277101 0.222089 0.0527157 0.0558284
7 0.497775 0.169393 0.072497 0.048318
2 0.238206 0.218491 0.0304024 0.0381643
7 0.489667 0.170462 0.0733137 0.0479976
7 0.277093 0.22209 0.0526776 0.0558054
3 0.891974 0.159018 0.015696 0.022865
2 0.2382 0.218534 0.0304261 0.0381899
2 0.482517 0.171261 0.0749725 0.047774
7 0.277069 0.222126 0.0527033 0.0559074
3 0.890472 0.158968 0.0168217 0.0233507
2 0.902212 0.145106 0.0135729 0.0177559
2 0.238168 0.21855 0.0305327 0.0381487
7 0.277086 0.222157 0.0526736 0.0557969
7 0.47407 0.172725 0.0741262 0.0473422
3 0.88862 0.15946 0.0165771 0.0245892
2 0.238202 0.218549 0.0305649 0.0381603
7 0.277158 0.222158 0.0525387 0.0558498
2 0.466008 0.173361 0.0756998 0.0486632
3 0.884535 0.158696 0.0116926 0.0221305
2 0.238241 0.218536 0.0305664 0.0381237
7 0.277186 0.222201 0.052468 0.0558332
2 0.457152 0.17474 0.0746257 0.048495
3 0.885076 0.1589 0.0167522 0.0240122
2 0.23821 0.218533 0.0304923 0.0381617
7 0.277126 0.222209 0.0524965 0.0558312
7 0.449831 0.176033 0.0762623 0.0481375
3 0.883009 0.159804 0.0163898 0.0252506
2 0.238307 0.218367 0.0301878 0.0383231
7 0.27704 0.222215 0.0525487 0.0558654
2 0.440626 0.176055 0.0746101 0.0495591
3 0.881481 0.159866 0.0170605 0.0255221
2 0.238304 0.21836 0.0302069 0.0383369
7 0.277039 0.222208 0.0525536 0.0558797
2 0.433109 0.177107 0.074704 0.0494453
3 0.879621 0.159438 0.0172907 0.0277352
2 0.238304 0.21836 0.0301895 0.0383245
2 0.423345 0.178531 0.0719527 0.0490752
7 0.277038 0.222199 0.0525579 0.0558649
3 0.878102 0.15925 0.0178452 0.0287217
2 0.238279 0.218398 0.0301864 0.0382654
7 0.415464 0.178891 0.0723961 0.0503381
7 0.277068 0.222263 0.0526849 0.0558701
2 0.238287 0.218343 0.0301919 0.03835
7 0.277077 0.222176 0.0526474 0.0558615
2 0.405633 0.18003 0.0687055 0.0494797
3 0.873885 0.160302 0.01759 0.0283926
2 0.238297 0.218358 0.0302075 0.0383725
7 0.277086 0.222186 0.052638 0.0558678
7 0.3994 0.181451 0.0724321 0.0495775
2 0.87193 0.152664 0.0190475 0.036825
2 0.238292 0.218371 0.0302192 0.0383729
7 0.277074 0.222195 0.0526307 0.0558799
7 0.391042 0.181745 0.0720618 0.0507909
3 0.869032 0.154002 0.0210995 0.0393305
2 0.23823 0.218405 0.0303252 0.0380673
7 0.277047 0.222156 0.0526596 0.0559529
7 0.383547 0.182844 0.0714699 0.0492289
7 0.866313 0.154338 0.0239241 0.0399327
2 0.238227 0.218411 0.0303256 0.0380711
7 0.277046 0.22216 0.0526488 0.0559597
2 0.374778 0.184443 0.0695158 0.0478037
2 0.859763 0.144907 0.0196365 0.0209751
2 0.238229 0.218406 0.0303316 0.038072
7 0.367946 0.185569 0.0722322 0.0469913
7 0.277035 0.22215 0.0526099 0.0559785
2 0.855265 0.145461 0.0201807 0.0216002
2 0.864524 0.162502 0.0200144 0.0273572
2 0.238231 0.218407 0.0303388 0.0380805
7 0.277034 0.222143 0.0526115 0.05599
7 0.360606 0.1859 0.0712522 0.0472623
2 0.850895 0.145285 0.0212505 0.0214862
2 0.862461 0.1625 0.0206356 0.0280213
2 0.0221484 0.786358 0.0441533 0.150292
2 0.238232 0.21841 0.0303618 0.0380789
7 0.353056 0.185774 0.0690155 0.0480652
7 0.277002 0.222129 0.0525526 0.0560085
2 0.845786 0.145554 0.0210899 0.0222234
2 0.860524 0.162992 0.0205193 0.0278007
2 0.0343759 0.774431 0.0684125 0.150803
2 0.238276 0.218428 0.0304057 0.0379833
7 0.346454 0.187093 0.068968 0.0467422
7 0.277025 0.222065 0.0524609 0.0558836
2 0.858166 0.163037 0.0210312 0.0281848
2 0.84121 0.145113 0.0219801 0.0238578
2 0.0463391 0.767914 0.0922626 0.165055
2 0.238273 0.218454 0.030435 0.0380086
7 0.339307 0.187667 0.0673528 0.0458146
7 0.277033 0.222098 0.0524185 0.0558015
2 0.85635 0.163252 0.0219166 0.0288668
2 0.836146 0.145896 0.0220947 0.023753
2 0.0583173 0.758551 0.11638 0.180538
2 0.23834 0.218425 0.0305376 0.0380846
7 0.332767 0.188301 0.066912 0.0450017
2 0.854188 0.163377 0.0217709 0.0291325
7 0.277022 0.222035 0.0523597 0.0554832
2 0.831027 0.14626 0.0228626 0.0251452
2 0.071481 0.760254 0.142706 0.216198
2 0.238334 0.218427 0.03055 0.0381057
2 0.851897 0.163629 0.0220242 0.0291393
7 0.326046 0.188571 0.0655944 0.0438839
2 0.825193 0.146159 0.0240526 0.0265399
7 0.276987 0.22211 0.0523597 0.0553118
2 0.00620625 0.645924 0.0123311 0.0667269
2 0.0852606 0.745975 0.170286 0.219317
2 0.238337 0.218439 0.0305692 0.038128
7 0.318987 0.188136 0.0631287 0.0425066
2 0.849737 0.163922 0.022364 0.029882
2 0.819215 0.146774 0.0246767 0.0267843
7 0.277043 0.221991 0.0522149 0.0555973
2 0.0151662 0.644408 0.0301633 0.0908081
2 0.099694 0.729841 0.199014 0.215262
2 0.238346 0.218433 0.0305575 0.0381493
2 0.025239 0.643881 0.0501665 0.117299
2 0.847451 0.164071 0.0223717 0.0298498
7 0.313136 0.188442 0.0621276 0.0435247
7 0.277056 0.22251 0.0523351 0.0542375
2 0.813234 0.147366 0.0257805 0.0273197
2 0.119827 0.710221 0.216439 0.218439
2 0.0342101 0.632649 0.0681229 0.122085
2 0.238366 0.218465 0.0305673 0.0381261
2 0.806867 0.147693 0.026432 0.0272952
2 0.844942 0.16429 0.0229637 0.0303994
7 0.277053 0.222793 0.0521619 0.0536813
7 0.306744 0.188561 0.06146 0.0427507
2 0.14735 0.692447 0.218566 0.214892
2 0.0444484 0.625097 0.0886607 0.138269
2 0.238348 0.218486 0.0305452 0.0381341
2 0.799901 0.147795 0.028027 0.02851
7 0.276986 0.222798 0.0522341 0.0537001
2 0.842857 0.164611 0.0235397 0.0307981
7 0.30093 0.189186 0.0603291 0.0423055
2 0.176697 0.674515 0.22078 0.211178
2 0.0552795 0.619686 0.110252 0.155237
2 0.238329 0.218475 0.0304983 0.0381454
2 0.84067 0.164805 0.0236187 0.0311908
2 0.792484 0.148866 0.0290373 0.0284267
7 0.276935 0.222963 0.0521972 0.0533427
7 0.294717 0.189393 0.058107 0.0410599
2 0.205814 0.654991 0.22165 0.2073
2 0.0667912 0.617444 0.133268 0.180148
2 0.238424 0.218508 0.0306672 0.0380946
7 0.277074 0.22291 0.0522309 0.053362
2 0.838503 0.165035 0.0236481 0.0310271
7 0.289385 0.189077 0.0564595 0.0407367
2 0.784881 0.149547 0.0296871 0.0290039
2 0.235275 0.635168 0.222069 0.204801
2 0.0788106 0.6029 0.157621 0.180798
2 0.238513 0.218529 0.0307188 0.0379868
7 0.2772 0.222746 0.0520539 0.0536677
2 0.8362 0.16544 0.0240288 0.0310817
2 0.776982 0.149985 0.0314487 0.0300983
7 0.283388 0.188089 0.0542671 0.0395932
2 0.264655 0.615459 0.221723 0.199398
2 0.0993984 0.588199 0.166747 0.178099
2 0.23837 0.218409 0.0305234 0.038185
7 0.276901 0.22301 0.052957 0.0534171
2 0.833976 0.165717 0.024279 0.0313479
2 0.768252 0.150745 0.0334488 0.0310792
7 0.278294 0.188357 0.0537821 0.0401328
2 0.294082 0.596316 0.219208 0.193568
2 0.124468 0.572466 0.168106 0.174185
2 0.238424 0.218629 0.0304919 0.0377505
2 0.759608 0.151415 0.0348991 0.0322662
7 0.277168 0.222367 0.052669 0.0547326
2 0.831523 0.165798 0.024913 0.0316069
7 0.273114 0.189139 0.0522746 0.0396028
2 0.149608 0.555864 0.169203 0.175035
2 0.324393 0.578067 0.214344 0.186052
2 0.74974 0.152787 0.0370341 0.0320495
2 0.238534 0.218546 0.0304724 0.0379821
2 0.82919 0.165772 0.0255966 0.0325098
7 0.277638 0.222057 0.0516063 0.0549127
7 0.268613 0.186832 0.0511119 0.0348291
2 0.17618 0.540319 0.169333 0.170751
2 0.354611 0.557769 0.209956 0.181139
2 0.238504 0.218684 0.0303393 0.0375445
2 0.739208 0.154422 0.038619 0.0333166
7 0.26297 0.186821 0.0500225 0.0346696
2 0.826925 0.166266 0.0256403 0.0325545
7 0.277421 0.221716 0.0520097 0.0556848
2 0.20287 0.525201 0.168871 0.166859
2 0.384415 0.538582 0.202023 0.172974
2 0.728309 0.155733 0.0403982 0.0347159
2 0.23833 0.218769 0.0304086 0.0374628
7 0.258525 0.188251 0.0489002 0.0376704
2 0.824532 0.166935 0.0267933 0.0329505
7 0.277231 0.222301 0.0523916 0.0544221
2 0.413029 0.519769 0.195102 0.165095
2 0.228565 0.507489 0.169988 0.164774
2 0.716099 0.157269 0.0424309 0.035452
2 0.238349 0.218819 0.030219 0.0374163
2 0.822214 0.167234 0.0265747 0.0327152
7 0.253582 0.188893 0.0475711 0.0384202
7 0.277263 0.22206 0.0523848 0.0548383
2 0.440677 0.500784 0.187177 0.161242
2 0.253737 0.491319 0.172554 0.159586
2 0.70361 0.158933 0.0437696 0.0372591
2 0.238096 0.218917 0.0305049 0.037098
2 0.819664 0.167257 0.0265377 0.0339087
7 0.248994 0.189133 0.0475093 0.0400425
2 0.27706 0.221998 0.05263 0.0552175
2 0.282786 0.476842 0.165307 0.156143
2 0.467139 0.484369 0.179639 0.152777
2 0.690181 0.160677 0.0466241 0.0379817
2 0.238224 0.218858 0.0304053 0.0372234
2 0.817143 0.167653 0.0268429 0.0343224
7 0.244399 0.188697 0.0469747 0.0386746
7 0.277408 0.221879 0.0519547 0.0552156
2 0.309928 0.46116 0.162667 0.151558
2 0.493272 0.467498 0.171996 0.147271
2 0.675686 0.163228 0.0497399 0.0399876
2 0.238257 0.219533 0.0307322 0.0360359
2 0.81475 0.168171 0.0276978 0.0342393
7 0.277221 0.222434 0.0523362 0.0540414
7 0.239455 0.188549 0.045758 0.0376035
2 0.336032 0.446567 0.158707 0.146629
2 0.518119 0.451042 0.164165 0.141628
2 0.660767 0.165995 0.0515683 0.0408058
2 0.238343 0.2201 0.0307345 0.0349234
2 0.81237 0.168157 0.0279972 0.0354142
7 0.234917 0.189076 0.0457357 0.0374012
2 0.277071 0.222514 0.0525692 0.0540137
2 0.361793 0.432341 0.155049 0.142534
2 0.541735 0.435809 0.156565 0.134705
2 0.643784 0.167999 0.0543386 0.042721
2 0.23839 0.21883 0.0304919 0.037336
7 0.229915 0.189263 0.0453973 0.0379231
2 0.277283 0.22254 0.052145 0.0539913
2 0.810198 0.168606 0.0285774 0.0360013
2 0.387054 0.418928 0.152 0.138273
2 0.564255 0.421903 0.14867 0.129264
2 0.625977 0.170526 0.0577053 0.047661
2 0.238754 0.218931 0.0312011 0.0373814
7 0.22567 0.189463 0.0459249 0.0378528
2 0.277326 0.22279 0.0520291 0.0542606
2 0.807347 0.169103 0.028886 0.036079
2 0.411238 0.405641 0.147117 0.132788
2 0.585805 0.40849 0.141484 0.124525
2 0.606179 0.174764 0.0614785 0.0486133
2 0.238616 0.218995 0.0310816 0.0371102
7 0.220904 0.190166 0.0450851 0.036031
2 0.277259 0.222796 0.0521947 0.054241
2 0.804832 0.169309 0.0293449 0.0361591
2 0.434821 0.393854 0.14277 0.128475
2 0.606197 0.396687 0.133266 0.11705
2 0.586146 0.178597 0.0634373 0.0501475
2 0.238493 0.218278 0.0305247 0.0383228
2 0.0307655 0.768364 0.0612557 0.191952
7 0.27722 0.222493 0.0521498 0.0547413
7 0.216379 0.189428 0.0456534 0.0386345
7 0.801789 0.169881 0.0315901 0.0373851
2 0.457322 0.38196 0.138208 0.124773
2 0.625393 0.384353 0.126289 0.113647
2 0.56382 0.182988 0.0678288 0.0528145
2 0.23857 0.218221 0.0304913 0.0384176
7 0.0483689 0.755216 0.0962939 0.201673
7 0.277222 0.222506 0.0521444 0.0547198
7 0.211496 0.188622 0.0452388 0.0414483
7 0.798671 0.170281 0.0335302 0.0368898
2 0.643513 0.177293 0.0122896 0.0231328
2 0.479261 0.369597 0.133218 0.120315
2 0.643685 0.37412 0.119273 0.107636
2 0.539576 0.187812 0.0709288 0.0568724
2 0.238492 0.218441 0.0305346 0.0381927
2 0.0670241 0.736745 0.133122 0.206762
7 0.277218 0.222514 0.0521645 0.0547154
2 0.206996 0.188516 0.0445827 0.0413791
7 0.797421 0.170333 0.0310621 0.037871
2 0.660757 0.363058 0.113214 0.102069
2 0.50099 0.356466 0.127888 0.120816
2 0.513793 0.194854 0.0756481 0.0583425
2 0.238454 0.218349 0.0306077 0.0384091
2 0.0864901 0.742204 0.172724 0.265671
7 0.277254 0.222543 0.0521074 0.0546992
7 0.795336 0.170657 0.0303212 0.0367844
7 0.202075 0.19025 0.0446561 0.0383595
2 0.521556 0.348704 0.123005 0.112945
2 0.677067 0.353174 0.107021 0.098515
2 0.486076 0.201978 0.0798494 0.0623311
7 0.106809 0.726889 0.212956 0.281124
2 0.238466 0.218421 0.0305739 0.0383083
7 0.197372 0.190236 0.0445139 0.0395063
7 0.277242 0.222551 0.0521272 0.0546823
7 0.792681 0.17078 0.0308336 0.0373545
2 0.541444 0.338188 0.117754 0.11027
2 0.692224 0.343966 0.101436 0.0948041
2 0.455666 0.209643 0.0836048 0.0654803
7 0.127501 0.701313 0.254673 0.282483
2 0.238365 0.218452 0.0305788 0.0383183
7 0.790374 0.171904 0.0308105 0.036862
7 0.277237 0.22255 0.0521508 0.0547031
2 0.19248 0.192325 0.0443152 0.0361077
2 0.560623 0.329329 0.112004 0.10493
2 0.707049 0.335595 0.0957684 0.0909881
2 0.424907 0.218454 0.0876719 0.069911
7 0.16265 0.674592 0.266874 0.279982
2 0.238415 0.218461 0.0305488 0.0383334
7 0.788145 0.172072 0.0323795 0.0388005
7 0.277279 0.222487 0.052064 0.0548391
7 0.188062 0.193622 0.0444745 0.0341005
2 0.578727 0.320889 0.107367 0.103003
2 0.720489 0.326184 0.090988 0.0893673
2 0.390752 0.229121 0.092082 0.0748461
7 0.202955 0.649597 0.267895 0.274793
2 0.238453 0.218455 0.0307238 0.0383968
7 0.785775 0.171852 0.0318048 0.037759
2 0.277229 0.222709 0.0519949 0.0543603
2 0.18343 0.193801 0.043621 0.0352802
2 0.596152 0.312304 0.10304 0.100051
2 0.733242 0.319829 0.0853735 0.0842695
2 0.354772 0.240392 0.0946719 0.0803132
7 0.242633 0.622577 0.267416 0.267672
2 0.238486 0.218527 0.0306451 0.0384184
7 0.178209 0.194694 0.0438857 0.0352278
7 0.783584 0.172446 0.0320828 0.0376111
2 0.016862 0.646555 0.0335013 0.134044
2 0.277292 0.222684 0.051801 0.0544143
2 0.612921 0.304941 0.0996799 0.0949342
2 0.745841 0.312363 0.0819622 0.0813683
2 0.316752 0.254003 0.0983501 0.0849531
7 0.280663 0.59642 0.268613 0.258502
2 0.0280387 0.632331 0.0558165 0.133224
2 0.238434 0.218495 0.0306596 0.0385963
7 0.277073 0.221729 0.0518156 0.0535326
7 0.781425 0.172812 0.0328405 0.0369053
7 0.173288 0.194949 0.0436187 0.0356619
2 0.62832 0.297763 0.0944574 0.0920643
2 0.75674 0.3061 0.0775955 0.0779611
7 0.321662 0.56916 0.258955 0.251144
2 0.0402608 0.611656 0.0802403 0.142216
2 0.238453 0.218552 0.0307262 0.0384913
2 0.275955 0.269235 0.102067 0.0882111
7 0.779034 0.1734 0.0330265 0.0380363
7 0.168571 0.196501 0.0431614 0.0340424
2 0.276815 0.219049 0.0515879 0.0476943
2 0.0532286 0.602136 0.106084 0.156273
2 0.643609 0.290552 0.0901293 0.0898717
2 0.767635 0.300086 0.0740541 0.0767964
2 0.238806 0.21853 0.0313026 0.0385743
2 0.234469 0.285121 0.104864 0.0967075
7 0.360502 0.543675 0.249883 0.24077
7 0.776387 0.174326 0.0336131 0.0392654
2 0.277284 0.22083 0.0524682 0.0515388
7 0.163559 0.196579 0.0427766 0.0370841
