2 0.078916 0.501403 0.157576 0.147219
2 0.779865 0.458061 0.169212 0.144591
2 0.446701 0.273375 0.137931 0.0911611
2 0.209128 0.248097 0.0997036 0.0599441
2 0.657603 0.20417 0.101272 0.057371
2 0.470882 0.190161 0.0956458 0.0499189
2 0.27738 0.166107 0.0558748 0.039394
2 0.492859 0.125926 0.0626223 0.0329348
2 0.146526 0.181352 0.0330881 0.0389941
2 0.180476 0.152173 0.0357353 0.036077
2 0.681219 0.137442 0.0470907 0.034151
2 0.614827 0.114251 0.0453533 0.0277911
2 0.125333 0.157476 0.0268928 0.0408795
2 0.765794 0.127718 0.0323637 0.0252677
2 0.466527 0.0546891 0.029434 0.0152999
2 0.746186 0.117614 0.0251722 0.0188825
2 0.402059 0.0605698 0.0311975 0.0167731
7 0.53523 0.0646255 0.0463991 0.0304051
2 0.115009 0.143964 0.0254167 0.0271781
2 0.0789169 0.501455 0.157544 0.147224
2 0.758601 0.442619 0.167481 0.141006
2 0.434042 0.269919 0.134358 0.089227
2 0.196148 0.249819 0.0986506 0.0603397
2 0.667783 0.204662 0.0992571 0.056175
2 0.483597 0.191564 0.0960426 0.0499725
2 0.283647 0.167297 0.0573689 0.0393087
2 0.492884 0.125952 0.0626804 0.0330037
2 0.146484 0.181566 0.0331445 0.0393559
2 0.67868 0.137316 0.0469872 0.0343388
2 0.180463 0.152187 0.0356949 0.03598
2 0.612371 0.114179 0.0469919 0.0272416
2 0.762523 0.127735 0.0337633 0.0248048
2 0.125336 0.157502 0.0268893 0.040865
2 0.744533 0.11783 0.0254582 0.0190167
2 0.466508 0.05473 0.0295241 0.0153848
2 0.40219 0.0605121 0.0315097 0.0168715
2 0.53538 0.0645096 0.047122 0.0304765
2 0.114968 0.143949 0.0254039 0.0271838
2 0.0789071 0.501444 0.157523 0.147076
2 0.737482 0.427646 0.166735 0.138038
2 0.42144 0.266021 0.131975 0.0886992
2 0.497509 0.193108 0.0973574 0.0500601
2 0.183299 0.252066 0.0966372 0.0613721
2 0.676906 0.204499 0.0959703 0.0566887
2 0.290685 0.168644 0.0601006 0.0411021
2 0.493021 0.126067 0.0627643 0.0330279
2 0.146489 0.181527 0.0330918 0.0393296
2 0.180443 0.152222 0.0356405 0.0359932
2 0.609645 0.114349 0.04702 0.0273751
2 0.675733 0.137797 0.048638 0.034265
2 0.7595 0.127276 0.0339798 0.0254536
2 0.125331 0.157477 0.026861 0.0408322
2 0.741853 0.118062 0.0251308 0.0203573
2 0.46653 0.0547222 0.0294796 0.0154482
2 0.401904 0.0604977 0.0308886 0.016947
7 0.535233 0.0646501 0.0464129 0.0303906
2 0.114985 0.143976 0.0254547 0.0272176
7 0.858537 0.148761 0.018051 0.0183367
2 0.0789163 0.501494 0.157532 0.147077
2 0.717396 0.412767 0.163948 0.132775
2 0.408492 0.262147 0.129957 0.0864404
2 0.510615 0.194538 0.0973318 0.0496061
2 0.686763 0.204814 0.0943344 0.0556604
2 0.16765 0.255107 0.0997157 0.0614799
2 0.297532 0.169445 0.0625511 0.041076
2 0.492915 0.126049 0.0626555 0.0327761
2 0.146494 0.181556 0.0330936 0.0393234
2 0.180429 0.152204 0.035653 0.0360167
2 0.607081 0.114273 0.0472755 0.027498
2 0.757008 0.127076 0.0342611 0.0250508
2 0.12534 0.15753 0.0268659 0.0409799
2 0.67314 0.137901 0.0496668 0.0339815
2 0.4665 0.0547276 0.029554 0.0154698
2 0.73897 0.118233 0.0246983 0.0209624
2 0.401876 0.0605606 0.030808 0.0169435
7 0.535228 0.0646394 0.0463924 0.0303827
2 0.11497 0.143966 0.0254758 0.0271904
2 0.0789078 0.501577 0.15749 0.147035
2 0.696667 0.398854 0.163204 0.129365
2 0.396381 0.259155 0.128155 0.0861874
2 0.523369 0.196015 0.0974819 0.0500354
2 0.69558 0.20497 0.0913546 0.0549456
2 0.304382 0.170714 0.0654399 0.0419029
2 0.492849 0.126049 0.0625971 0.0327152
2 0.15647 0.258788 0.0932761 0.0638456
2 0.146499 0.181757 0.0331534 0.039732
2 0.180446 0.152145 0.035625 0.0361072
2 0.605221 0.114403 0.0468588 0.0272467
2 0.670284 0.138106 0.049454 0.0344858
2 0.75429 0.126996 0.0343086 0.0256621
2 0.125344 0.157554 0.0268877 0.0409901
2 0.466484 0.0547478 0.0296028 0.0154598
2 0.736504 0.116683 0.0244747 0.0190241
2 0.402069 0.0605536 0.0313427 0.0168617
2 0.535298 0.0644712 0.046953 0.0303382
2 0.115011 0.144026 0.0255428 0.0272711
2 0.0788744 0.501367 0.157484 0.147416
2 0.384514 0.256606 0.125362 0.0833793
2 0.678253 0.386497 0.160398 0.12375
2 0.142043 0.262496 0.0936768 0.0630633
2 0.704329 0.204645 0.0884869 0.0548784
2 0.536372 0.197142 0.0974395 0.0503066
2 0.313001 0.171971 0.0687814 0.0428378
2 0.492904 0.126094 0.0627407 0.0329693
2 0.146467 0.181717 0.0331817 0.0396338
2 0.180467 0.152131 0.0355966 0.0360697
2 0.668402 0.138239 0.0499388 0.0342781
2 0.602567 0.114491 0.0478997 0.0276289
2 0.125405 0.15761 0.0270405 0.041
2 0.751691 0.12668 0.034587 0.0257216
2 0.734097 0.116736 0.0255404 0.0192087
2 0.46646 0.0547535 0.0296566 0.0154736
2 0.988589 0.614133 0.0224409 0.0896123
2 0.402052 0.0605969 0.0313641 0.0169395
2 0.535322 0.0644612 0.0470152 0.0303902
2 0.11498 0.144019 0.0255182 0.0274026
2 0.0788693 0.501338 0.157472 0.147406
2 0.660274 0.374566 0.158195 0.11845
2 0.372504 0.253859 0.123831 0.0830523
2 0.321611 0.173161 0.0710169 0.044094
2 0.54946 0.198131 0.0983123 0.0504652
2 0.712328 0.205011 0.0844324 0.0530521
2 0.128841 0.26618 0.0921738 0.0666821
2 0.492926 0.12598 0.0626923 0.0329237
2 0.146444 0.181713 0.033245 0.0396977
2 0.180446 0.152176 0.0355603 0.0360856
2 0.666196 0.138434 0.0488123 0.0351615
2 0.12542 0.157568 0.0270351 0.0410264
2 0.748465 0.126333 0.0357952 0.0262022
2 0.466467 0.0547547 0.0296468 0.015487
2 0.402074 0.0606678 0.0312873 0.0168367
2 0.73202 0.116457 0.025357 0.0193218
2 0.606172 0.11622 0.0368761 0.0239605
7 0.535193 0.0645622 0.0463264 0.0303297
2 0.114765 0.143988 0.0252038 0.0272474
2 0.592644 0.113671 0.0329227 0.0242732
2 0.0789006 0.50132 0.157511 0.147479
2 0.641365 0.363153 0.15786 0.113091
2 0.360378 0.251603 0.121635 0.0818863
2 0.561433 0.198893 0.0966152 0.0499016
2 0.330798 0.173759 0.0736926 0.0463287
2 0.114682 0.269502 0.0915928 0.0696396
2 0.492891 0.126042 0.0626663 0.0329064
2 0.14645 0.181646 0.0332652 0.0395562
2 0.720358 0.205153 0.081513 0.0522804
2 0.180446 0.152183 0.0356046 0.0361406
2 0.661799 0.138314 0.0524115 0.0349737
2 0.125429 0.157605 0.0270514 0.0410326
2 0.745646 0.125883 0.0360779 0.0277288
2 0.597989 0.114826 0.0483327 0.0276818
2 0.466504 0.0547614 0.0295551 0.0154566
2 0.402017 0.0605347 0.0313313 0.0169709
2 0.729533 0.116548 0.0248914 0.0189787
7 0.535185 0.0645864 0.0463112 0.0304012
2 0.114673 0.144122 0.0253773 0.0275128
2 0.852186 0.148176 0.0190134 0.0176154
2 0.078869 0.501245 0.157484 0.147739
2 0.625331 0.351514 0.152502 0.107249
2 0.348781 0.248901 0.120468 0.0798052
2 0.573898 0.200231 0.0973174 0.0504286
2 0.340483 0.174716 0.0758573 0.0470919
2 0.492865 0.126047 0.0626426 0.0329129
2 0.72716 0.204652 0.0777216 0.0521748
2 0.146454 0.181613 0.0332428 0.0394487
2 0.180448 0.152171 0.0356146 0.0362515
2 0.660145 0.138585 0.050935 0.0357608
2 0.0998979 0.272408 0.0918363 0.0744468
2 0.125443 0.15762 0.0270422 0.0409934
2 0.466668 0.0547592 0.0292635 0.015514
2 0.401817 0.0605021 0.0308049 0.0170272
2 0.742667 0.12551 0.0368443 0.0275548
2 0.59937 0.115633 0.0419718 0.0265724
2 0.727222 0.115324 0.02631 0.0188177
7 0.535211 0.064585 0.0463791 0.0304225
2 0.114769 0.143941 0.0255382 0.0272049
2 0.850652 0.14784 0.0192356 0.0175153
2 0.95128 0.582167 0.0971157 0.130994
2 0.0788621 0.501239 0.157449 0.147673
2 0.609241 0.342398 0.148123 0.105465
2 0.337484 0.247672 0.119303 0.0784786
2 0.586165 0.200868 0.0979196 0.0499897
2 0.350574 0.176817 0.0791147 0.0459129
2 0.733599 0.204776 0.0737328 0.0516381
2 0.492988 0.12609 0.062734 0.033184
2 0.146451 0.181608 0.0332609 0.0394631
2 0.180508 0.152148 0.0356909 0.0362992
2 0.937243 0.575816 0.125147 0.150817
2 0.65863 0.138538 0.0500622 0.0359362
2 0.125442 0.157581 0.0270702 0.0410692
2 0.0872242 0.276653 0.0885485 0.0824586
2 0.466649 0.0547615 0.0292696 0.0155253
2 0.401869 0.0605507 0.0310664 0.0169622
2 0.739047 0.125097 0.0377876 0.029223
7 0.535211 0.0646463 0.0463646 0.0305088
2 0.599738 0.115991 0.0387287 0.0256745
2 0.724273 0.114902 0.0249989 0.0176143
2 0.981517 0.590771 0.0365841 0.120152
2 0.114642 0.144067 0.0257135 0.0274621
2 0.0788587 0.501505 0.157368 0.147332
2 0.925196 0.559001 0.149312 0.150519
2 0.326137 0.245991 0.117223 0.0774567
2 0.591599 0.333251 0.148769 0.103387
2 0.597167 0.201585 0.0961531 0.0505101
2 0.361444 0.178756 0.0814263 0.0472161
2 0.740204 0.204133 0.069879 0.05083
2 0.493009 0.125766 0.0628813 0.0335117
2 0.0719839 0.288713 0.0866411 0.0692413
2 0.146548 0.18134 0.0330322 0.0389754
2 0.180547 0.151847 0.0353901 0.0367499
2 0.654351 0.138313 0.0541206 0.036489
2 0.735973 0.124909 0.0385581 0.0285075
2 0.466729 0.0546485 0.0289557 0.015399
2 0.40168 0.0606017 0.0306495 0.0168403
2 0.721597 0.113934 0.0254459 0.016335
7 0.535283 0.0645321 0.0465071 0.0303277
2 0.592684 0.114985 0.0489376 0.028169
2 0.820294 0.129017 0.0195608 0.015661
2 0.125409 0.157374 0.0272683 0.0416133
