2 0.078916 0.501403 0.157576 0.147219
2 0.779865 0.458061 0.169212 0.144591
2 0.446701 0.273375 0.137931 0.0911611
2 0.209128 0.248097 0.0997036 0.0599441
2 0.657603 0.20417 0.101272 0.057371
2 0.470882 0.190161 0.0956458 0.0499189
2 0.27738 0.166107 0.0558748 0.039394
2 0.492859 0.125926 0.0626223 0.0329348
2 0.146526 0.181352 0.0330881 0.0389941
2 0.180476 0.152173 0.0357353 0.036077
2 0.681219 0.137442 0.0470907 0.034151
2 0.614827 0.114251 0.0453533 0.0277911
2 0.125333 0.157476 0.0268928 0.0408795
2 0.765794 0.127718 0.0323637 0.0252677
2 0.466527 0.0546891 0.029434 0.0152999
2 0.746186 0.117614 0.0251722 0.0188825
2 0.402059 0.0605698 0.0311975 0.0167731
7 0.53523 0.0646255 0.0463991 0.0304051
2 0.115009 0.143964 0.0254167 0.0271781
2 0.60997 0.15592 0.0198359 0.0128739
2 0.374215 0.0629167 0.0159655 0.0195496
2 0.0789169 0.501455 0.157544 0.147224
2 0.758601 0.442619 0.167481 0.141006
2 0.434042 0.269919 0.134358 0.089227
2 0.196148 0.249819 0.0986506 0.0603397
2 0.667783 0.204662 0.0992571 0.056175
2 0.483597 0.191564 0.0960426 0.0499725
2 0.283647 0.167297 0.0573689 0.0393087
2 0.492884 0.125952 0.0626804 0.0330037
2 0.146484 0.181566 0.0331445 0.0393559
2 0.67868 0.137316 0.0469872 0.0343388
2 0.180463 0.152187 0.0356949 0.03598
2 0.612371 0.114179 0.0469919 0.0272416
2 0.762523 0.127735 0.0337633 0.0248048
2 0.125336 0.157502 0.0268893 0.040865
2 0.744533 0.11783 0.0254582 0.0190167
2 0.466508 0.05473 0.0295241 0.0153848
2 0.40219 0.0605121 0.0315097 0.0168715
2 0.53538 0.0645096 0.047122 0.0304765
2 0.114968 0.143949 0.0254039 0.0271838
7 0.859362 0.148887 0.0197475 0.0184143
2 0.374131 0.0629034 0.0161378 0.019648
2 0.0789071 0.501444 0.157523 0.147076
2 0.737482 0.427646 0.166735 0.138038
2 0.42144 0.266021 0.131975 0.0886992
2 0.497509 0.193108 0.0973574 0.0500601
2 0.183299 0.252066 0.0966372 0.0613721
2 0.676906 0.204499 0.0959703 0.0566887
2 0.290685 0.168644 0.0601006 0.0411021
2 0.493021 0.126067 0.0627643 0.0330279
2 0.146489 0.181527 0.0330918 0.0393296
2 0.180443 0.152222 0.0356405 0.0359932
2 0.609645 0.114349 0.04702 0.0273751
2 0.675733 0.137797 0.048638 0.034265
2 0.7595 0.127276 0.0339798 0.0254536
2 0.125331 0.157477 0.026861 0.0408322
2 0.741853 0.118062 0.0251308 0.0203573
2 0.46653 0.0547222 0.0294796 0.0154482
2 0.401904 0.0604977 0.0308886 0.016947
7 0.535233 0.0646501 0.0464129 0.0303906
2 0.114985 0.143976 0.0254547 0.0272176
7 0.858537 0.148761 0.018051 0.0183367
2 0.374237 0.0630042 0.0158852 0.0194925
2 0.609621 0.156587 0.0192171 0.0133005
2 0.0789163 0.501494 0.157532 0.147077
2 0.717396 0.412767 0.163948 0.132775
2 0.408492 0.262147 0.129957 0.0864404
2 0.510615 0.194538 0.0973318 0.0496061
2 0.686763 0.204814 0.0943344 0.0556604
2 0.16765 0.255107 0.0997157 0.0614799
2 0.297532 0.169445 0.0625511 0.041076
2 0.492915 0.126049 0.0626555 0.0327761
2 0.146494 0.181556 0.0330936 0.0393234
2 0.180429 0.152204 0.035653 0.0360167
2 0.607081 0.114273 0.0472755 0.027498
2 0.757008 0.127076 0.0342611 0.0250508
2 0.12534 0.15753 0.0268659 0.0409799
2 0.67314 0.137901 0.0496668 0.0339815
2 0.4665 0.0547276 0.029554 0.0154698
2 0.73897 0.118233 0.0246983 0.0209624
2 0.401876 0.0605606 0.030808 0.0169435
7 0.535228 0.0646394 0.0463924 0.0303827
2 0.11497 0.143966 0.0254758 0.0271904
2 0.857165 0.148402 0.0183949 0.0193126
2 0.374251 0.0629567 0.0158644 0.0195634
2 0.0789078 0.501577 0.15749 0.147035
2 0.696667 0.398854 0.163204 0.129365
2 0.396381 0.259155 0.128155 0.0861874
2 0.523369 0.196015 0.0974819 0.0500354
2 0.69558 0.20497 0.0913546 0.0549456
2 0.304382 0.170714 0.0654399 0.0419029
2 0.492849 0.126049 0.0625971 0.0327152
2 0.15647 0.258788 0.0932761 0.0638456
2 0.146499 0.181757 0.0331534 0.039732
2 0.180446 0.152145 0.035625 0.0361072
2 0.605221 0.114403 0.0468588 0.0272467
2 0.670284 0.138106 0.049454 0.0344858
2 0.75429 0.126996 0.0343086 0.0256621
2 0.125344 0.157554 0.0268877 0.0409901
2 0.466484 0.0547478 0.0296028 0.0154598
2 0.736504 0.116683 0.0244747 0.0190241
2 0.402069 0.0605536 0.0313427 0.0168617
2 0.535298 0.0644712 0.046953 0.0303382
2 0.115011 0.144026 0.0255428 0.0272711
2 0.374047 0.0629237 0.0164649 0.0196687
2 0.83555 0.133499 0.0307571 0.0188666
2 0.856313 0.14787 0.0167549 0.0194339
2 0.0788744 0.501367 0.157484 0.147416
2 0.384514 0.256606 0.125362 0.0833793
2 0.678253 0.386497 0.160398 0.12375
2 0.142043 0.262496 0.0936768 0.0630633
2 0.704329 0.204645 0.0884869 0.0548784
2 0.536372 0.197142 0.0974395 0.0503066
2 0.313001 0.171971 0.0687814 0.0428378
2 0.492904 0.126094 0.0627407 0.0329693
2 0.146467 0.181717 0.0331817 0.0396338
2 0.180467 0.152131 0.0355966 0.0360697
2 0.668402 0.138239 0.0499388 0.0342781
2 0.602567 0.114491 0.0478997 0.0276289
2 0.125405 0.15761 0.0270405 0.041
2 0.751691 0.12668 0.034587 0.0257216
2 0.734097 0.116736 0.0255404 0.0192087
2 0.46646 0.0547535 0.0296566 0.0154736
2 0.988589 0.614133 0.0224409 0.0896123
2 0.402052 0.0605969 0.0313641 0.0169395
2 0.535322 0.0644612 0.0470152 0.0303902
2 0.11498 0.144019 0.0255182 0.0274026
2 0.835237 0.135868 0.032773 0.0235741
2 0.374185 0.0630733 0.0160254 0.0193537
2 0.881451 0.144423 0.00889626 0.00830873
2 0.0788693 0.501338 0.157472 0.147406
2 0.660274 0.374566 0.158195 0.11845
2 0.372504 0.253859 0.123831 0.0830523
2 0.321611 0.173161 0.0710169 0.044094
2 0.54946 0.198131 0.0983123 0.0504652
2 0.712328 0.205011 0.0844324 0.0530521
2 0.128841 0.26618 0.0921738 0.0666821
2 0.492926 0.12598 0.0626923 0.0329237
2 0.146444 0.181713 0.033245 0.0396977
2 0.180446 0.152176 0.0355603 0.0360856
2 0.666196 0.138434 0.0488123 0.0351615
2 0.12542 0.157568 0.0270351 0.0410264
2 0.748465 0.126333 0.0357952 0.0262022
2 0.466467 0.0547547 0.0296468 0.015487
2 0.402074 0.0606678 0.0312873 0.0168367
2 0.73202 0.116457 0.025357 0.0193218
2 0.606172 0.11622 0.0368761 0.0239605
7 0.535193 0.0645622 0.0463264 0.0303297
2 0.114765 0.143988 0.0252038 0.0272474
2 0.592644 0.113671 0.0329227 0.0242732
2 0.374079 0.0631398 0.016404 0.019462
2 0.0789006 0.50132 0.157511 0.147479
2 0.641365 0.363153 0.15786 0.113091
2 0.360378 0.251603 0.121635 0.0818863
2 0.561433 0.198893 0.0966152 0.0499016
2 0.330798 0.173759 0.0736926 0.0463287
2 0.114682 0.269502 0.0915928 0.0696396
2 0.492891 0.126042 0.0626663 0.0329064
2 0.14645 0.181646 0.0332652 0.0395562
2 0.720358 0.205153 0.081513 0.0522804
2 0.180446 0.152183 0.0356046 0.0361406
2 0.661799 0.138314 0.0524115 0.0349737
2 0.125429 0.157605 0.0270514 0.0410326
2 0.745646 0.125883 0.0360779 0.0277288
2 0.597989 0.114826 0.0483327 0.0276818
2 0.466504 0.0547614 0.0295551 0.0154566
2 0.402017 0.0605347 0.0313313 0.0169709
2 0.729533 0.116548 0.0248914 0.0189787
7 0.535185 0.0645864 0.0463112 0.0304012
2 0.114673 0.144122 0.0253773 0.0275128
2 0.852186 0.148176 0.0190134 0.0176154
2 0.982488 0.598001 0.0346626 0.104536
2 0.878517 0.14337 0.00782585 0.00780338
2 0.374125 0.0630363 0.016155 0.0195249
2 0.078869 0.501245 0.157484 0.147739
2 0.625331 0.351514 0.152502 0.107249
2 0.348781 0.248901 0.120468 0.0798052
2 0.573898 0.200231 0.0973174 0.0504286
2 0.340483 0.174716 0.0758573 0.0470919
2 0.492865 0.126047 0.0626426 0.0329129
2 0.72716 0.204652 0.0777216 0.0521748
2 0.146454 0.181613 0.0332428 0.0394487
2 0.180448 0.152171 0.0356146 0.0362515
2 0.660145 0.138585 0.050935 0.0357608
2 0.0998979 0.272408 0.0918363 0.0744468
2 0.125443 0.15762 0.0270422 0.0409934
2 0.466668 0.0547592 0.0292635 0.015514
2 0.401817 0.0605021 0.0308049 0.0170272
2 0.742667 0.12551 0.0368443 0.0275548
2 0.59937 0.115633 0.0419718 0.0265724
2 0.727222 0.115324 0.02631 0.0188177
7 0.535211 0.064585 0.0463791 0.0304225
2 0.114769 0.143941 0.0255382 0.0272049
2 0.850652 0.14784 0.0192356 0.0175153
2 0.95128 0.582167 0.0971157 0.130994
2 0.588179 0.112901 0.0317469 0.022752
2 0.374105 0.0632519 0.0164092 0.0192566
2 0.819814 0.129454 0.0124805 0.0142508
2 0.0788621 0.501239 0.157449 0.147673
2 0.609241 0.342398 0.148123 0.105465
2 0.337484 0.247672 0.119303 0.0784786
2 0.586165 0.200868 0.0979196 0.0499897
2 0.350574 0.176817 0.0791147 0.0459129
2 0.733599 0.204776 0.0737328 0.0516381
2 0.492988 0.12609 0.062734 0.033184
2 0.146451 0.181608 0.0332609 0.0394631
2 0.180508 0.152148 0.0356909 0.0362992
2 0.937243 0.575816 0.125147 0.150817
2 0.65863 0.138538 0.0500622 0.0359362
2 0.125442 0.157581 0.0270702 0.0410692
2 0.0872242 0.276653 0.0885485 0.0824586
2 0.466649 0.0547615 0.0292696 0.0155253
2 0.401869 0.0605507 0.0310664 0.0169622
2 0.739047 0.125097 0.0377876 0.029223
7 0.535211 0.0646463 0.0463646 0.0305088
2 0.599738 0.115991 0.0387287 0.0256745
2 0.724273 0.114902 0.0249989 0.0176143
2 0.981517 0.590771 0.0365841 0.120152
2 0.114642 0.144067 0.0257135 0.0274621
2 0.818504 0.128693 0.0129271 0.015397
2 0.848878 0.147423 0.0198483 0.0179299
2 0.914398 0.548276 0.0778564 0.0956448
2 0.586368 0.11355 0.0329019 0.0239921
2 0.374273 0.0631476 0.0158446 0.0193052
2 0.0788587 0.501505 0.157368 0.147332
2 0.925196 0.559001 0.149312 0.150519
2 0.326137 0.245991 0.117223 0.0774567
2 0.591599 0.333251 0.148769 0.103387
2 0.597167 0.201585 0.0961531 0.0505101
2 0.361444 0.178756 0.0814263 0.0472161
2 0.740204 0.204133 0.069879 0.05083
2 0.493009 0.125766 0.0628813 0.0335117
2 0.0719839 0.288713 0.0866411 0.0692413
2 0.146548 0.18134 0.0330322 0.0389754
2 0.180547 0.151847 0.0353901 0.0367499
2 0.654351 0.138313 0.0541206 0.036489
2 0.735973 0.124909 0.0385581 0.0285075
2 0.466729 0.0546485 0.0289557 0.015399
2 0.40168 0.0606017 0.0306495 0.0168403
2 0.721597 0.113934 0.0254459 0.016335
7 0.535283 0.0645321 0.0465071 0.0303277
2 0.592684 0.114985 0.0489376 0.028169
2 0.820294 0.129017 0.0195608 0.015661
2 0.125409 0.157374 0.0272683 0.0416133
2 0.846766 0.14661 0.0197998 0.0186923
2 0.11399 0.144219 0.025861 0.0283038
2 0.37439 0.063308 0.0155125 0.0185228
2 0.988275 0.560777 0.0228613 0.0570576
2 0.0788759 0.501462 0.157407 0.147442
2 0.576649 0.324308 0.145601 0.0993773
2 0.315073 0.244677 0.115646 0.0763498
2 0.372654 0.18025 0.0842066 0.0476902
2 0.905518 0.538847 0.161899 0.144182
2 0.60837 0.201112 0.0954501 0.0524838
2 0.493114 0.125769 0.0629012 0.0336547
2 0.745938 0.203681 0.0666686 0.0501649
2 0.0590459 0.294386 0.0859262 0.0717528
2 0.146588 0.181199 0.0330073 0.0387692
2 0.180513 0.151811 0.0352865 0.0368447
2 0.653092 0.138536 0.0537841 0.0367253
2 0.7332 0.124556 0.0396639 0.0295686
2 0.466694 0.0546199 0.0290217 0.0153508
2 0.402116 0.060516 0.0311287 0.0168914
2 0.718826 0.113922 0.0258154 0.0170509
7 0.53529 0.0645476 0.0465948 0.0303589
2 0.591461 0.115247 0.0496014 0.0278981
2 0.125427 0.157407 0.0273565 0.041711
2 0.849542 0.149024 0.0116085 0.0151774
2 0.846319 0.145333 0.0211487 0.021878
2 0.816043 0.128541 0.0142099 0.0161686
2 0.114083 0.144197 0.0261541 0.028181
2 0.37428 0.0628368 0.0160454 0.0195038
2 0.0788286 0.501456 0.15741 0.147786
2 0.560946 0.315291 0.143033 0.0966798
2 0.876307 0.522901 0.153642 0.146977
2 0.304141 0.242838 0.114808 0.075282
2 0.383799 0.181943 0.0874632 0.0487451
2 0.043896 0.301421 0.0877315 0.0729095
2 0.751444 0.20306 0.0631284 0.0484358
2 0.493123 0.12583 0.0631992 0.0334475
2 0.180543 0.151735 0.0354486 0.0368456
2 0.146542 0.181409 0.0330533 0.0391689
2 0.62248 0.203708 0.0874064 0.0479122
2 0.651518 0.138476 0.0514224 0.0373394
2 0.730394 0.125038 0.0390432 0.0282562
2 0.595135 0.116313 0.0377022 0.0258583
2 0.402192 0.0604383 0.031226 0.0168206
2 0.125368 0.157326 0.026891 0.0411608
2 0.466935 0.0547107 0.0285957 0.0153511
7 0.535244 0.0643648 0.0466242 0.0299698
2 0.716935 0.113611 0.0257576 0.0165672
2 0.581549 0.113816 0.0346813 0.0259932
2 0.843182 0.145094 0.0209858 0.0217974
2 0.114892 0.144197 0.0250866 0.0278846
2 0.813478 0.128161 0.0141781 0.0162847
2 0.374196 0.0627264 0.0162194 0.0194722
2 0.0788085 0.501502 0.157347 0.147654
2 0.85696 0.50487 0.165114 0.146055
2 0.545433 0.30871 0.141545 0.0905021
2 0.293441 0.241701 0.113397 0.0745871
2 0.396297 0.183768 0.0898378 0.0493871
2 0.63007 0.204141 0.0906967 0.0475447
2 0.0368095 0.308087 0.0734876 0.0747122
2 0.756486 0.201961 0.0616493 0.0484705
2 0.492998 0.12588 0.0630957 0.0333079
2 0.180544 0.151749 0.0354404 0.0368252
2 0.146558 0.181337 0.0330363 0.039034
2 0.649456 0.138999 0.0510691 0.0369001
2 0.727355 0.124017 0.0397825 0.0298634
2 0.125358 0.157328 0.0269228 0.0412262
2 0.466949 0.0547196 0.0285679 0.015359
2 0.401934 0.0604706 0.0305335 0.0168873
2 0.587712 0.114892 0.0491943 0.0291635
2 0.841832 0.144685 0.0221506 0.0235614
7 0.535261 0.0644043 0.0466665 0.0300431
2 0.713774 0.113679 0.0266397 0.0165573
2 0.114891 0.144192 0.0249985 0.0278524
2 0.814516 0.127962 0.0193237 0.0169417
2 0.373875 0.0627753 0.0167932 0.0194149
2 0.078816 0.501442 0.15738 0.147652
2 0.832426 0.486615 0.165808 0.14602
2 0.531506 0.301925 0.139435 0.0882057
2 0.282266 0.240667 0.112088 0.0733157
2 0.408643 0.184189 0.0918944 0.0516583
2 0.493061 0.125922 0.0630762 0.0331735
2 0.760943 0.201378 0.057838 0.0485644
2 0.0297207 0.311412 0.0593255 0.0666846
2 0.180503 0.151755 0.0354278 0.0368368
2 0.146577 0.181366 0.0329881 0.0390767
2 0.645411 0.206173 0.0794877 0.0439554
2 0.125388 0.157359 0.0269214 0.0411771
2 0.401814 0.0604727 0.0306768 0.0169315
2 0.647224 0.138911 0.0517429 0.0372485
2 0.466952 0.0547536 0.0285985 0.0153395
2 0.724426 0.123389 0.0400232 0.0312311
2 0.840525 0.144227 0.022695 0.0237133
2 0.585857 0.115202 0.0497417 0.0289962
2 0.813717 0.128079 0.0208879 0.018058
7 0.535228 0.0644147 0.0466234 0.0300685
2 0.711629 0.113521 0.0262791 0.0164949
2 0.114879 0.144188 0.0249315 0.0278293
2 0.373967 0.0627969 0.016619 0.019387
2 0.0787818 0.501449 0.157281 0.147682
2 0.8084 0.469188 0.166897 0.143494
2 0.517155 0.295525 0.135936 0.0858292
2 0.271143 0.239526 0.110389 0.0724525
2 0.421939 0.186121 0.0937149 0.0507939
2 0.765507 0.200382 0.0555898 0.0482508
2 0.493102 0.125918 0.0631441 0.0330813
2 0.180525 0.151771 0.0354327 0.0368605
2 0.14657 0.181404 0.0330053 0.0391839
2 0.655026 0.208304 0.0771961 0.0401279
2 0.0221811 0.314945 0.0440827 0.0585615
2 0.644987 0.13917 0.0524275 0.0375397
2 0.125385 0.157317 0.0269217 0.0411784
2 0.584487 0.115185 0.0493681 0.029244
2 0.401909 0.0603834 0.0305856 0.0170785
2 0.466945 0.0547595 0.0286213 0.015334
2 0.839894 0.144198 0.0224503 0.0232798
2 0.721603 0.123599 0.0402735 0.0308754
7 0.535211 0.0644346 0.0466232 0.0300136
2 0.709381 0.113272 0.0276097 0.0167802
2 0.811985 0.127868 0.0211349 0.0181829
2 0.114799 0.144216 0.0250162 0.0279249
2 0.374021 0.0627018 0.0165389 0.0195246
2 0.884487 0.145941 0.00640945 0.00645924
2 0.635305 0.19904 0.0618935 0.0360268
2 0.0787677 0.501384 0.157288 0.147515
2 0.783918 0.450979 0.165454 0.141333
2 0.503263 0.289775 0.132912 0.0833435
2 0.435683 0.188219 0.094608 0.0501305
2 0.260253 0.238209 0.110101 0.0729721
2 0.493009 0.12582 0.0631763 0.0332975
2 0.7697 0.199455 0.053159 0.0466438
2 0.180508 0.151795 0.0354069 0.0368662
2 0.0151703 0.318508 0.0300693 0.0509158
2 0.146562 0.181328 0.0329527 0.0391209
2 0.583316 0.115363 0.049737 0.0289326
2 0.642659 0.139213 0.0528578 0.0373584
2 0.125352 0.157329 0.026929 0.0411994
2 0.716188 0.122058 0.0455326 0.0337437
2 0.401798 0.0603827 0.0307405 0.0170488
2 0.466966 0.0547575 0.0286887 0.0153163
2 0.664223 0.208102 0.0742979 0.0406155
2 0.837614 0.144264 0.0230976 0.0236515
2 0.810323 0.12761 0.0212242 0.0178476
7 0.53522 0.0644328 0.0466124 0.030052
2 0.114754 0.144188 0.0250044 0.027824
2 0.644068 0.193407 0.0570518 0.0237902
2 0.374014 0.0626956 0.016495 0.0195712
2 0.860487 0.145704 0.00867729 0.0110575
2 0.706982 0.113227 0.029501 0.017358
2 0.883539 0.145623 0.00696564 0.00680237
2 0.0787264 0.501403 0.157285 0.147528
2 0.760085 0.43389 0.164726 0.137129
2 0.488911 0.283927 0.130623 0.0812847
2 0.449315 0.189957 0.0960159 0.0503049
2 0.249523 0.238752 0.108933 0.0704292
2 0.492919 0.12588 0.0629375 0.0331845
2 0.773686 0.198564 0.0519632 0.0465474
2 0.180502 0.151854 0.0353024 0.0366729
2 0.146583 0.181307 0.0330172 0.0390003
2 0.582071 0.115508 0.0497429 0.0295949
2 0.715072 0.123045 0.0423918 0.0317682
2 0.125357 0.157373 0.0268981 0.041195
2 0.40184 0.0604051 0.0308492 0.0170241
2 0.466958 0.0547675 0.0286833 0.0153175
2 0.641471 0.139024 0.0517812 0.0386493
2 0.808529 0.127281 0.0216404 0.0177342
2 0.673263 0.208448 0.073336 0.03938
7 0.535241 0.0644209 0.0466663 0.0300239
2 0.11484 0.144132 0.0249716 0.0276634
2 0.704458 0.112296 0.0299587 0.0158797
2 0.835426 0.144403 0.0199945 0.0232614
2 0.00794725 0.323051 0.0157374 0.042385
2 0.374268 0.0627061 0.0160071 0.0195936
2 0.882225 0.145582 0.00795937 0.00724405
2 0.0787375 0.501406 0.1573 0.147499
2 0.737526 0.417353 0.163602 0.13395
2 0.475282 0.27958 0.129178 0.0800144
2 0.463183 0.191569 0.0973852 0.0500263
2 0.238717 0.239101 0.107208 0.0689633
2 0.493032 0.125813 0.0631915 0.0333274
2 0.777405 0.197637 0.0506619 0.044888
2 0.180477 0.151858 0.0352884 0.0366594
2 0.146593 0.181347 0.0329795 0.0391455
2 0.675923 0.205072 0.0824459 0.0457019
2 0.63903 0.139614 0.0526688 0.0382736
2 0.125314 0.157365 0.0268378 0.0411998
2 0.402002 0.060395 0.0309804 0.0169876
2 0.466967 0.054774 0.0286509 0.0152982
2 0.580905 0.115583 0.0497876 0.0289545
2 0.806744 0.126979 0.0215075 0.0186137
2 0.711827 0.123356 0.0419764 0.031109
7 0.535232 0.0643746 0.0466545 0.0300153
2 0.834512 0.143912 0.0196493 0.0235035
2 0.114817 0.144091 0.0248726 0.0275925
2 0.702304 0.112471 0.0307014 0.0177281
2 0.37419 0.0626308 0.0161613 0.0195719
2 0.0787487 0.501362 0.157323 0.147492
2 0.715968 0.401783 0.161257 0.130091
2 0.46199 0.274792 0.126867 0.078238
2 0.227673 0.23939 0.106344 0.0692679
2 0.47699 0.192894 0.0982604 0.0506416
2 0.493077 0.125756 0.0632706 0.0335006
2 0.180468 0.151828 0.0352937 0.0367161
2 0.146579 0.18133 0.0329997 0.039128
2 0.7814 0.196496 0.0485611 0.0438316
2 0.685014 0.205341 0.080196 0.0454032
2 0.579784 0.115441 0.0507311 0.0293478
2 0.708977 0.123235 0.0436634 0.0318087
2 0.125361 0.157358 0.0267939 0.0410901
2 0.637608 0.139231 0.0530166 0.0387656
2 0.402034 0.0603906 0.0310643 0.0169246
2 0.46697 0.0547846 0.0286626 0.0152685
2 0.80507 0.126537 0.0221959 0.0183764
7 0.535253 0.0644045 0.0466797 0.029996
2 0.114818 0.144057 0.0248042 0.0275331
2 0.83256 0.143321 0.0212278 0.0241667
2 0.698606 0.111189 0.0293772 0.0180418
2 0.374009 0.0626126 0.0165742 0.0197133
2 0.835425 0.148449 0.0145035 0.0148926
2 0.0789132 0.501757 0.157735 0.147986
2 0.694045 0.386698 0.15945 0.12398
2 0.448983 0.27053 0.12522 0.0761341
2 0.216236 0.239976 0.105801 0.0696837
2 0.49122 0.19435 0.0996235 0.0507905
2 0.492716 0.125845 0.0625628 0.0333635
2 0.786076 0.195376 0.0470314 0.0433967
2 0.146652 0.181669 0.0328314 0.0392241
2 0.180596 0.152221 0.035455 0.0359248
2 0.692517 0.205179 0.0769188 0.0445173
2 0.578498 0.115261 0.0502836 0.0295233
2 0.704869 0.121509 0.0444491 0.035111
2 0.125713 0.157378 0.0275317 0.0405052
2 0.466472 0.0547564 0.0296892 0.0154635
2 0.401809 0.0605878 0.0307317 0.0163518
2 0.635731 0.139364 0.0545676 0.0392934
2 0.803565 0.126704 0.0223059 0.0187815
7 0.53529 0.0645251 0.0465832 0.0304458
2 0.114749 0.143966 0.0256707 0.0276762
2 0.830597 0.143308 0.0208591 0.0248146
2 0.834532 0.147637 0.0131905 0.0159457
2 0.374394 0.0628765 0.0156097 0.0195321
2 0.852433 0.144158 0.0165802 0.0121497
2 0.078913 0.501806 0.157743 0.147996
2 0.673463 0.373009 0.156271 0.117819
2 0.435557 0.265952 0.122435 0.0756501
2 0.205218 0.241157 0.104169 0.0696318
2 0.5059 0.196403 0.10031 0.0503023
2 0.492743 0.12587 0.0624949 0.033199
2 0.78925 0.194989 0.0458192 0.0430718
2 0.180591 0.152223 0.0354403 0.0359157
2 0.146683 0.181475 0.0328707 0.038892
2 0.700161 0.205109 0.0753901 0.0441455
2 0.701978 0.12136 0.0452782 0.035319
2 0.125648 0.157359 0.0274303 0.0405417
2 0.633526 0.139444 0.054691 0.039896
2 0.466414 0.0547907 0.0297525 0.015498
2 0.577515 0.115559 0.0510773 0.0292724
2 0.401764 0.0605949 0.0306539 0.0163233
2 0.802116 0.126047 0.021497 0.0183384
7 0.535367 0.0645677 0.046637 0.030554
2 0.828315 0.142689 0.0224493 0.0250551
2 0.114749 0.143964 0.0256692 0.0276505
2 0.00424743 0.179889 0.00849486 0.0178444
2 0.374382 0.0628184 0.0159402 0.0195998
2 0.0789262 0.501794 0.15777 0.148088
2 0.654023 0.36047 0.154627 0.112246
2 0.422017 0.262837 0.121248 0.0741952
2 0.193652 0.242608 0.10392 0.0719349
2 0.520119 0.197908 0.100033 0.0499974
2 0.492763 0.125872 0.0625942 0.0331059
2 0.180581 0.152231 0.0354235 0.0359468
2 0.707796 0.20513 0.0716387 0.043053
2 0.146685 0.181492 0.0328735 0.0389046
2 0.793319 0.194227 0.0443672 0.0420823
2 0.698897 0.120343 0.0454543 0.0378309
2 0.1256 0.157243 0.0274104 0.040696
2 0.576611 0.115703 0.0511062 0.0294214
2 0.632182 0.139702 0.0550642 0.0396894
2 0.40175 0.0606432 0.0305325 0.016297
2 0.466391 0.0548082 0.0298121 0.0154584
2 0.82699 0.14235 0.0223564 0.0249625
2 0.800613 0.126451 0.0220409 0.0183514
7 0.535365 0.0645921 0.0466267 0.0305715
2 0.114784 0.144131 0.026076 0.0279769
2 0.3743 0.0628216 0.0160414 0.0196469
2 0.00474176 0.180093 0.00947862 0.0183076
2 0.0789333 0.501767 0.157744 0.148176
2 0.635046 0.348268 0.150989 0.10721
2 0.409471 0.260078 0.119081 0.0722537
2 0.534611 0.199257 0.0998682 0.0516461
2 0.492787 0.125792 0.0624022 0.0331613
2 0.182324 0.244461 0.101129 0.0733922
2 0.79691 0.193392 0.0437037 0.04145
2 0.630561 0.139895 0.0540562 0.0390465
2 0.180567 0.152255 0.0354319 0.0359525
2 0.715325 0.204777 0.0698315 0.0434293
2 0.146703 0.181503 0.0328534 0.0389541
2 0.696047 0.121447 0.0453419 0.035755
2 0.125559 0.157219 0.0273582 0.0407453
2 0.40178 0.0606568 0.0305023 0.0162862
2 0.575941 0.115727 0.0506843 0.0297773
2 0.466419 0.0548043 0.0297461 0.0154715
7 0.535399 0.0646064 0.0465718 0.0306227
2 0.824354 0.142186 0.0250458 0.026542
2 0.798784 0.126115 0.0225563 0.0181284
2 0.11484 0.144125 0.0261689 0.028025
2 0.00454758 0.176429 0.00904365 0.0191412
2 0.374275 0.0628319 0.0158339 0.0196237
2 0.852274 0.141789 0.0133121 0.0157598
2 0.0788097 0.501645 0.157422 0.147622
2 0.61641 0.336606 0.148031 0.102831
2 0.395972 0.257291 0.117825 0.0703824
2 0.549283 0.200185 0.0991882 0.0522511
2 0.492697 0.12593 0.0627371 0.0331914
2 0.169403 0.246717 0.103327 0.0746583
2 0.800162 0.192727 0.0426893 0.0404948
2 0.146588 0.180998 0.032892 0.0382678
2 0.180476 0.151895 0.0353815 0.0367322
2 0.628426 0.140817 0.0557976 0.0377906
2 0.72187 0.204467 0.0675987 0.0434409
2 0.125502 0.15736 0.0274544 0.0408339
2 0.693054 0.123473 0.0455101 0.0308214
2 0.466323 0.0546492 0.0297647 0.015294
2 0.581874 0.117418 0.038063 0.0261155
2 0.40168 0.0605819 0.0305942 0.0162544
7 0.535442 0.0644846 0.0467665 0.0302476
2 0.114476 0.144086 0.0271384 0.0286726
2 0.567406 0.114192 0.0357413 0.0269399
2 0.823718 0.141508 0.0235928 0.0260247
2 0.851469 0.140738 0.0134975 0.0167411
2 0.374461 0.0628813 0.0153979 0.0194414
2 0.955714 0.16993 0.00884285 0.0116321
2 0.0788201 0.501661 0.157416 0.147646
2 0.59854 0.326677 0.145686 0.0983607
2 0.382864 0.253949 0.116686 0.0689578
2 0.563624 0.201254 0.0984931 0.0515835
2 0.492733 0.126016 0.0628773 0.0332098
2 0.155239 0.250033 0.106907 0.0746128
2 0.80358 0.19175 0.0421789 0.039452
2 0.18049 0.151864 0.0353973 0.0367076
2 0.14661 0.180936 0.0328429 0.0381217
2 0.574635 0.115523 0.0510276 0.0300358
2 0.627507 0.140176 0.0559172 0.0394412
2 0.68962 0.123514 0.0465315 0.0308713
2 0.125498 0.15735 0.0275671 0.0408444
2 0.728254 0.204433 0.0656488 0.0419367
2 0.466317 0.0546519 0.0297896 0.015296
2 0.401733 0.0605504 0.0306511 0.0162729
7 0.535424 0.0644843 0.0466966 0.0302917
2 0.114317 0.143989 0.0268401 0.0284828
2 0.822081 0.141556 0.0240541 0.0266899
2 0.850094 0.141147 0.0135622 0.0158998
2 0.685411 0.108385 0.0335722 0.0136477
2 0.844679 0.139296 0.0218349 0.018991
2 0.374421 0.0627789 0.0154896 0.0196402
2 0.95571 0.169904 0.00875282 0.0116179
2 0.0787964 0.501643 0.157385 0.147565
2 0.580999 0.316982 0.143303 0.0955421
2 0.370034 0.252065 0.115846 0.0682241
2 0.577593 0.202751 0.0977978 0.0518663
2 0.49276 0.126065 0.0629431 0.0331535
2 0.735023 0.204171 0.0622829 0.0420892
2 0.626065 0.140166 0.0559159 0.0400706
2 0.807418 0.191258 0.0404577 0.0388843
2 0.146604 0.180788 0.032831 0.037771
2 0.180481 0.151831 0.0353334 0.0367557
2 0.686229 0.123439 0.0481967 0.031006
2 0.573898 0.115739 0.0509174 0.0305407
2 0.125451 0.15739 0.0275103 0.040791
2 0.14695 0.252781 0.0985868 0.0766147
2 0.466322 0.0546503 0.029772 0.0153033
2 0.401872 0.0606279 0.0310764 0.0160696
2 0.820261 0.141108 0.0239786 0.0268608
7 0.535425 0.0644381 0.046698 0.0302124
2 0.11436 0.144 0.0267978 0.0285337
2 0.0140559 0.170059 0.0280346 0.0218704
2 0.794617 0.125682 0.0202932 0.0172027
2 0.84152 0.139212 0.0181034 0.0182485
2 0.684986 0.106914 0.0311411 0.0111389
2 0.955773 0.169725 0.00863075 0.0112936
2 0.374596 0.0629403 0.0152214 0.0193167
2 0.0788428 0.501655 0.15747 0.147618
2 0.563863 0.308994 0.140961 0.0897575
2 0.357153 0.249727 0.115009 0.067087
2 0.59114 0.203401 0.0977158 0.0516934
2 0.492743 0.126005 0.0628942 0.0332558
2 0.741032 0.203667 0.0588879 0.0411736
2 0.810821 0.1904 0.0401047 0.0381286
2 0.146588 0.180738 0.0328547 0.0376276
2 0.180487 0.151881 0.0353766 0.0366484
2 0.682956 0.123854 0.0477051 0.0309728
2 0.624155 0.140335 0.0564498 0.0402115
2 0.573405 0.11585 0.0509478 0.0303239
2 0.134623 0.255335 0.0967612 0.0772199
2 0.125344 0.157401 0.0272627 0.0408404
2 0.466324 0.0546496 0.0297707 0.0153113
2 0.401872 0.0605851 0.0310739 0.0160834
2 0.81876 0.140987 0.0254711 0.0273645
7 0.535437 0.0644443 0.0467052 0.0302336
2 0.11465 0.143916 0.0265073 0.0284198
2 0.0156509 0.167653 0.03034 0.0193469
2 0.793103 0.125619 0.0229589 0.0177279
2 0.681086 0.107583 0.0336617 0.0125198
2 0.842946 0.139389 0.0233147 0.0185902
2 0.374634 0.063139 0.0152223 0.0191333
2 0.956311 0.17004 0.0101011 0.0120897
2 0.412446 0.0622882 0.0104239 0.0112977
2 0.0047444 0.178367 0.00943086 0.0216611
2 0.0788434 0.501536 0.157427 0.147808
2 0.547159 0.301423 0.138908 0.087005
2 0.345471 0.248256 0.112359 0.0662
2 0.604033 0.201857 0.0968115 0.0549961
2 0.74684 0.2033 0.056785 0.0405016
2 0.622718 0.140399 0.0561987 0.0402675
2 0.492933 0.126015 0.063394 0.0331488
2 0.813928 0.189979 0.0390324 0.0367943
2 0.146522 0.180985 0.0328957 0.0381442
2 0.180487 0.151934 0.0353908 0.0366272
2 0.57322 0.115896 0.0505943 0.0304204
2 0.680195 0.12368 0.0480148 0.0312507
2 0.122735 0.259067 0.0954734 0.0785912
2 0.125275 0.157445 0.0271721 0.040814
2 0.466317 0.0546522 0.0297861 0.0153133
2 0.817267 0.140929 0.0279171 0.0281323
2 0.0170459 0.172647 0.0339606 0.0321953
2 0.401551 0.0604905 0.0304725 0.0163131
2 0.11465 0.143892 0.0266235 0.028378
7 0.535506 0.0644355 0.0468571 0.0301928
2 0.681366 0.106769 0.0284134 0.0116189
2 0.841465 0.139223 0.0208294 0.0181345
2 0.00482117 0.178164 0.00962571 0.0210556
2 0.790355 0.125108 0.0217013 0.0170205
2 0.374566 0.0629308 0.0152547 0.0194537
2 0.956177 0.170048 0.00980873 0.0120572
2 0.0788414 0.501573 0.157416 0.14774
2 0.531126 0.292643 0.136215 0.0847885
2 0.332983 0.246735 0.110943 0.0647519
2 0.752017 0.20294 0.054832 0.0401201
2 0.492843 0.126019 0.0631314 0.0332116
2 0.621538 0.140406 0.0564391 0.0403257
2 0.614885 0.203046 0.0995956 0.0538156
2 0.81787 0.189221 0.0378843 0.0370168
2 0.146553 0.18096 0.0327898 0.0380776
2 0.572714 0.115798 0.0508316 0.0302346
2 0.180474 0.151944 0.0353908 0.0366356
2 0.676403 0.123284 0.0495142 0.0330261
2 0.12532 0.157429 0.0272112 0.0408828
7 0.110407 0.262844 0.0943318 0.079726
2 0.816388 0.140832 0.0295341 0.0283967
2 0.466321 0.054643 0.0297694 0.0153
2 0.0194049 0.16554 0.035994 0.0215787
2 0.841057 0.138922 0.0216476 0.0185744
2 0.401572 0.0604762 0.0304603 0.0162878
2 0.114778 0.143929 0.0266794 0.0283968
2 0.535505 0.0644648 0.0471394 0.030191
2 0.00441486 0.176374 0.00877265 0.0211879
2 0.789896 0.12507 0.0212041 0.0171386
2 0.889013 0.148697 0.00953941 0.00786788
2 0.899042 0.152916 0.00811577 0.00889581
2 0.678029 0.106864 0.0315453 0.0128978
2 0.88658 0.147085 0.00802956 0.00568085
2 0.374487 0.0630136 0.0154942 0.0194381
2 0.955909 0.170007 0.00923653 0.0122079
2 0.0787439 0.501956 0.157249 0.147327
2 0.51579 0.286611 0.132993 0.0811474
2 0.629232 0.205974 0.0939831 0.0489639
2 0.320352 0.245446 0.11101 0.0641508
2 0.493128 0.125909 0.0631692 0.0335322
2 0.756949 0.202112 0.0522666 0.0391719
2 0.146645 0.181156 0.0326238 0.0388886
2 0.673747 0.120454 0.0498898 0.0388375
2 0.180511 0.151676 0.0352286 0.0369467
2 0.620295 0.139834 0.0570654 0.0412706
2 0.572507 0.115695 0.0517973 0.030497
2 0.820629 0.188506 0.0368195 0.0369986
2 0.466609 0.0546584 0.0295113 0.0153647
2 0.0985053 0.266717 0.0932204 0.0817639
2 0.40174 0.0605169 0.0304419 0.0162706
2 0.12593 0.157378 0.0286915 0.0413148
2 0.812086 0.141019 0.0255392 0.0283169
2 0.0203974 0.16659 0.0390084 0.0275429
7 0.535367 0.0645861 0.0465754 0.0307259
2 0.115005 0.143997 0.0264747 0.0282419
2 0.885657 0.147034 0.00950813 0.00745144
7 0.37321 0.057006 0.0186401 0.0312159
2 0.00454885 0.179935 0.00905427 0.0168648
2 0.899017 0.152111 0.00941582 0.00837123
2 0.0787581 0.501995 0.157153 0.147127
2 0.500026 0.280871 0.131432 0.0790221
2 0.307644 0.244334 0.11022 0.0630809
2 0.640235 0.206388 0.0940559 0.049174
2 0.493138 0.125872 0.0632853 0.0336076
7 0.0855208 0.271985 0.0928329 0.0829585
2 0.762135 0.201263 0.0498006 0.0387421
2 0.146677 0.181314 0.0326451 0.0391684
2 0.180481 0.151693 0.0352495 0.036999
2 0.823892 0.187643 0.0361711 0.0374443
2 0.618982 0.140245 0.0575781 0.0418461
2 0.572241 0.11554 0.0512922 0.0309661
2 0.670852 0.121137 0.0509424 0.0374949
2 0.46658 0.0546665 0.0295106 0.0153829
2 0.810123 0.140072 0.024356 0.0276615
2 0.401874 0.0604483 0.0311588 0.016499
2 0.0271628 0.164195 0.0306683 0.0248909
2 0.125875 0.157525 0.0287929 0.0413052
7 0.535374 0.0645972 0.0466391 0.0306227
2 0.114926 0.143903 0.0268774 0.0283842
7 0.373085 0.0569729 0.018887 0.0311521
2 0.885049 0.146343 0.00902901 0.00689551
2 0.0787608 0.501876 0.157177 0.147231
2 0.484916 0.27549 0.128984 0.0764283
2 0.296663 0.243752 0.107392 0.0619235
2 0.651886 0.206818 0.0910137 0.0480188
2 0.493145 0.125796 0.0632644 0.0335417
2 0.766564 0.2005 0.0488514 0.0385029
2 0.146586 0.181216 0.0328853 0.039054
2 0.180496 0.151672 0.0352179 0.0370191
2 0.617752 0.140355 0.0588316 0.0420507
2 0.667498 0.120795 0.0514369 0.0385955
2 0.028581 0.163944 0.032957 0.0249992
2 0.826425 0.187421 0.0353416 0.0362647
7 0.0792444 0.276142 0.101111 0.0828863
2 0.571765 0.115795 0.0515457 0.0300712
2 0.466587 0.054659 0.029505 0.0153886
2 0.126133 0.157283 0.029006 0.0413399
2 0.80835 0.14025 0.0250422 0.0287299
2 0.402074 0.0604129 0.0311745 0.0163232
7 0.535385 0.0645822 0.0466103 0.0306268
2 0.114832 0.143771 0.0260339 0.028172
2 0.374487 0.0627586 0.0160087 0.0197028
2 0.830921 0.137666 0.0151773 0.0183297
2 0.886139 0.146425 0.0089119 0.00754655
2 0.078771 0.501771 0.15723 0.147219
2 0.470308 0.270676 0.127409 0.0756807
2 0.28424 0.242514 0.107048 0.0609041
2 0.66254 0.20674 0.0882364 0.0474344
2 0.493311 0.125825 0.0636337 0.0334484
2 0.771374 0.199593 0.0466535 0.0381085
2 0.146626 0.181261 0.0328346 0.0390625
2 0.180498 0.151666 0.0352113 0.0370483
2 0.616922 0.140025 0.0582315 0.0420992
2 0.829308 0.186645 0.0344999 0.034816
2 0.0307439 0.163056 0.0349798 0.0252628
2 0.571814 0.115716 0.051456 0.030957
2 0.663854 0.122231 0.0522358 0.036127
2 0.466586 0.054663 0.0294981 0.0153797
2 0.402059 0.0604909 0.0311367 0.0162321
2 0.12639 0.157267 0.0294764 0.0414101
2 0.806423 0.140546 0.0248737 0.0284097
7 0.0614397 0.282228 0.0886387 0.0847342
7 0.535367 0.0645947 0.0465937 0.0306435
2 0.114735 0.143744 0.0262926 0.0281689
2 0.886049 0.146655 0.00873985 0.00819365
2 0.374463 0.0626937 0.0158026 0.0198304
2 0.0787757 0.501726 0.157243 0.147327
2 0.455459 0.266112 0.125223 0.0735919
2 0.27275 0.242057 0.10516 0.0604876
2 0.672407 0.206773 0.085195 0.0468735
2 0.493319 0.125858 0.0636786 0.0334616
2 0.615951 0.140337 0.0582829 0.0416494
2 0.0468661 0.288499 0.0925498 0.0849821
2 0.776112 0.198326 0.0450848 0.0381774
2 0.146624 0.181265 0.0328961 0.0390673
2 0.180505 0.151654 0.0353333 0.0370794
2 0.571587 0.11575 0.051972 0.0304588
2 0.031404 0.163244 0.0364823 0.0270819
2 0.832217 0.186379 0.0342814 0.0338437
2 0.661732 0.122856 0.0504607 0.0348518
2 0.803732 0.139884 0.0264269 0.029388
2 0.466652 0.0546153 0.0291794 0.0153888
2 0.401696 0.0605044 0.030849 0.0163975
2 0.126681 0.157241 0.0300177 0.0415785
7 0.535364 0.064575 0.0466162 0.0305909
2 0.114609 0.143858 0.0266341 0.0283531
2 0.374208 0.0625163 0.0164424 0.0201618
2 0.830694 0.137263 0.0219242 0.0181917
2 0.885228 0.146435 0.00842857 0.00848452
2 0.0787709 0.501679 0.157235 0.147372
2 0.441094 0.262044 0.122918 0.0726371
2 0.261074 0.241766 0.103609 0.0592609
2 0.682246 0.206983 0.0830757 0.0469913
2 0.0399885 0.294277 0.0798761 0.0870642
2 0.493307 0.125942 0.0636721 0.0334308
2 0.614787 0.14142 0.0579687 0.040748
2 0.780004 0.197807 0.044285 0.0370345
2 0.146668 0.181276 0.0327978 0.0394185
2 0.180502 0.151573 0.0353147 0.0371379
2 0.571589 0.115643 0.0517645 0.0305111
2 0.0328839 0.164156 0.0363007 0.0299267
2 0.834604 0.185913 0.0333015 0.0330278
2 0.803107 0.140487 0.0257721 0.0274416
2 0.466641 0.0546206 0.0291784 0.0154219
2 0.401942 0.06043 0.0312717 0.0164021
2 0.127592 0.157244 0.031845 0.0415567
2 0.658428 0.123396 0.051518 0.0339611
7 0.535361 0.0645803 0.0466028 0.0305696
2 0.11448 0.143898 0.0269112 0.0282803
2 0.829818 0.136976 0.0238071 0.0191666
2 0.667735 0.110811 0.0328447 0.0195902
2 0.374276 0.0625995 0.0161926 0.0199681
2 0.078923 0.501475 0.157606 0.147451
2 0.427277 0.258243 0.12171 0.0702242
2 0.249362 0.242759 0.104018 0.0595366
2 0.690948 0.206453 0.0803257 0.0456638
2 0.0331649 0.295577 0.0662394 0.0773934
2 0.493282 0.126073 0.0636104 0.0329711
2 0.146717 0.181285 0.0326383 0.0393466
2 0.180535 0.151505 0.035291 0.0376411
2 0.784697 0.196641 0.0426288 0.0368013
2 0.837679 0.185638 0.0329021 0.0327146
2 0.0337296 0.162365 0.0383772 0.0316171
2 0.402286 0.0604263 0.0312938 0.016717
2 0.571614 0.115702 0.0516651 0.0300034
2 0.614261 0.140644 0.0589483 0.0411032
2 0.46663 0.0547066 0.0293167 0.0152916
2 0.127545 0.157111 0.0317766 0.0417376
2 0.654533 0.123606 0.0537348 0.0338132
7 0.535289 0.0645398 0.0466307 0.0304624
2 0.800632 0.139551 0.026576 0.0287518
2 0.827602 0.137122 0.0225449 0.0198364
2 0.666764 0.110344 0.0305215 0.0204371
2 0.11456 0.144056 0.0267706 0.0279626
2 0.805861 0.145058 0.0156542 0.017767
2 0.374076 0.0628362 0.016245 0.0196963
2 0.0789178 0.501483 0.157653 0.147468
2 0.413455 0.25466 0.119728 0.0694823
2 0.236924 0.244049 0.102683 0.0590924
2 0.699521 0.206133 0.0762487 0.0453082
2 0.493303 0.126095 0.0634331 0.0330359
2 0.0268442 0.298088 0.0535756 0.0705666
2 0.146715 0.181148 0.0326645 0.0392496
2 0.180545 0.151469 0.0352828 0.037669
2 0.789117 0.195856 0.0401453 0.0361537
2 0.0349693 0.160859 0.0400359 0.0318081
2 0.839781 0.184798 0.0323063 0.0319502
2 0.571597 0.115705 0.0516005 0.0300232
2 0.40234 0.0604345 0.0313079 0.0166489
2 0.613327 0.141159 0.0596667 0.0420429
2 0.466633 0.0547244 0.0292868 0.0153872
2 0.651576 0.12397 0.053451 0.0330413
2 0.929542 0.571548 0.140772 0.161966
2 0.127175 0.157143 0.0311 0.0416607
2 0.798485 0.138558 0.0265011 0.0297587
7 0.535296 0.0645593 0.0466187 0.0305038
2 0.66583 0.110608 0.0313627 0.0207938
2 0.823657 0.136696 0.01824 0.019755
2 0.114848 0.14392 0.0261087 0.0276357
2 0.90823 0.538344 0.0972645 0.0946894
2 0.775916 0.123134 0.028193 0.0223908
2 0.374151 0.0629079 0.0158866 0.0195782
2 0.078999 0.501801 0.157792 0.147118
2 0.400214 0.251238 0.118929 0.0687841
2 0.224361 0.245752 0.102669 0.0599409
2 0.7074 0.206012 0.0739836 0.0450439
2 0.49334 0.126084 0.0634071 0.0330033
2 0.0202639 0.301775 0.0403906 0.0641903
2 0.913803 0.553002 0.159336 0.160893
2 0.180531 0.151479 0.035205 0.0375964
2 0.146733 0.181116 0.0326451 0.0391703
2 0.793404 0.194429 0.0391597 0.0364441
2 0.841872 0.184148 0.0324985 0.0318418
2 0.571623 0.115678 0.051649 0.030066
2 0.0361377 0.160237 0.0398925 0.0313927
2 0.612309 0.141709 0.0593201 0.0411009
2 0.402119 0.0603976 0.0309164 0.0167119
2 0.466642 0.0547379 0.0292652 0.0153814
2 0.127181 0.157147 0.0310932 0.0415906
2 0.649103 0.124052 0.0533449 0.0329198
2 0.796239 0.140094 0.0274908 0.0269522
2 0.663579 0.111898 0.031603 0.0226906
2 0.823088 0.136815 0.0201014 0.0207806
7 0.535301 0.0645625 0.0466122 0.0304637
2 0.114901 0.143869 0.0260657 0.0275691
2 0.774047 0.122433 0.0275501 0.0209793
2 0.374095 0.062906 0.0157977 0.0195879
2 0.806089 0.132382 0.0203209 0.0147729
2 0.0789623 0.501806 0.157737 0.147039
2 0.386666 0.248909 0.116416 0.0662655
2 0.212868 0.247211 0.101516 0.0613382
2 0.714993 0.205923 0.0709665 0.0444962
2 0.493352 0.125994 0.0634384 0.0330981
2 0.797004 0.194168 0.0381594 0.035308
2 0.146599 0.181118 0.0328815 0.0392345
2 0.180534 0.1515 0.0351935 0.03754
2 0.881396 0.531197 0.146835 0.150853
2 0.571643 0.115663 0.051582 0.0301401
2 0.845177 0.184289 0.0306755 0.0305744
2 0.0138629 0.307539 0.0275966 0.0642625
2 0.036786 0.159758 0.0411386 0.0324446
2 0.611163 0.14146 0.0590435 0.0418336
2 0.402328 0.0603951 0.0313957 0.0166797
2 0.466639 0.0547449 0.0292767 0.0153339
2 0.794142 0.138735 0.0279073 0.0305815
2 0.127245 0.157186 0.0311329 0.041663
2 0.821771 0.136785 0.0225737 0.0208205
2 0.645377 0.123779 0.0576747 0.0333276
2 0.661373 0.112582 0.0322324 0.0248711
7 0.535294 0.0645556 0.0465882 0.0304468
2 0.772002 0.121723 0.0278051 0.0216397
2 0.114883 0.14385 0.0258863 0.0275519
2 0.37412 0.0628518 0.0157887 0.0196524
2 0.0788297 0.501765 0.157554 0.147848
2 0.863606 0.517151 0.163239 0.157963
2 0.373229 0.246318 0.115262 0.0648044
2 0.201165 0.24927 0.100095 0.0628185
2 0.722041 0.205535 0.0688314 0.0434996
2 0.493149 0.125987 0.0633998 0.0331548
2 0.180689 0.151337 0.0354665 0.0375439
2 0.146712 0.181187 0.0327442 0.0388413
2 0.800658 0.193988 0.0374248 0.0339207
2 0.0383025 0.159939 0.0394985 0.0313798
2 0.610473 0.141492 0.059892 0.0419846
2 0.571933 0.115802 0.0515003 0.0301683
2 0.402281 0.0605864 0.0312873 0.0166984
2 0.466502 0.0549164 0.029619 0.0158281
2 0.847605 0.183756 0.0304667 0.0303742
2 0.127461 0.157283 0.03153 0.04097
2 0.00739603 0.309264 0.0147092 0.0509462
2 0.641129 0.123789 0.0574237 0.031965
2 0.659989 0.11327 0.0321932 0.0248419
2 0.770673 0.121592 0.0276566 0.0213752
2 0.792512 0.139248 0.0275585 0.028317
2 0.114669 0.14381 0.0251662 0.0280586
7 0.53527 0.0645144 0.0466095 0.0302705
2 0.820361 0.136164 0.0237186 0.020629
2 0.797326 0.144302 0.0176876 0.0188457
2 0.374071 0.0632477 0.0159967 0.019124
2 0.830784 0.133296 0.0144142 0.0145271
2 0.078811 0.5016 0.157406 0.147803
2 0.838233 0.498647 0.164364 0.157588
2 0.189563 0.251429 0.0987753 0.0634372
2 0.359511 0.243565 0.113188 0.0653798
2 0.729105 0.205222 0.0663437 0.0431021
2 0.493122 0.125975 0.0634369 0.0331705
2 0.180709 0.151355 0.0354692 0.0375198
2 0.146703 0.181127 0.0327582 0.038756
2 0.804689 0.192898 0.0365612 0.0343243
2 0.0387404 0.159324 0.0394932 0.0314501
2 0.466501 0.0549368 0.0296177 0.0159553
2 0.126719 0.157228 0.0300141 0.0410253
2 0.402083 0.0603737 0.0310163 0.0171392
2 0.63879 0.124051 0.0573854 0.0324851
2 0.849425 0.183486 0.0284763 0.0299221
2 0.609593 0.142109 0.0590448 0.040828
2 0.658387 0.113316 0.0316015 0.0251942
2 0.791386 0.141398 0.0268944 0.0254239
2 0.572314 0.115824 0.0506795 0.0296696
2 0.81968 0.13597 0.0253899 0.0207435
2 0.114704 0.143795 0.0249467 0.0279094
7 0.535254 0.0644941 0.0465443 0.0301387
2 0.767919 0.121212 0.0261812 0.0220847
2 0.374105 0.0632527 0.0159417 0.0190965
2 0.782077 0.129598 0.0242579 0.0151979
2 0.828177 0.132445 0.015741 0.0148743
2 0.0788231 0.501644 0.157411 0.147678
2 0.812091 0.479874 0.165173 0.154895
2 0.346612 0.24179 0.111745 0.0634015
2 0.177243 0.255059 0.0986938 0.0647948
2 0.735726 0.204403 0.0625696 0.0432791
2 0.493123 0.126005 0.063306 0.033075
2 0.808344 0.192315 0.0352425 0.0330942
2 0.18071 0.151395 0.0354581 0.0374516
2 0.146679 0.181134 0.0327656 0.0387908
2 0.0401396 0.159123 0.0394298 0.0313369
2 0.609232 0.142613 0.0589962 0.0397623
2 0.402158 0.0604451 0.0312584 0.0169548
2 0.466521 0.0549923 0.0295455 0.0159805
2 0.126812 0.157236 0.0301476 0.0411078
2 0.788812 0.141673 0.0278952 0.0244221
2 0.81927 0.136247 0.0275734 0.021572
2 0.656006 0.113216 0.0334052 0.0249825
2 0.571851 0.115549 0.0511148 0.030224
2 0.635422 0.123959 0.0571902 0.0323576
2 0.852133 0.182973 0.0281881 0.0299625
7 0.535258 0.0644675 0.0465364 0.0301763
2 0.114709 0.143743 0.0249649 0.0276931
2 0.766269 0.121297 0.0265686 0.0225687
2 0.37418 0.0635294 0.0157026 0.0184906
2 0.0787958 0.501632 0.157328 0.147672
2 0.786837 0.461927 0.166185 0.153358
2 0.333896 0.240246 0.110026 0.0624505
2 0.741883 0.204252 0.0596121 0.0420783
2 0.165214 0.257883 0.0970933 0.0653611
2 0.492953 0.126085 0.0629669 0.0330863
2 0.180719 0.151409 0.0354549 0.037314
2 0.146709 0.181113 0.0326783 0.0386335
2 0.811881 0.191752 0.0347706 0.0326115
2 0.0407156 0.158682 0.0400393 0.0311244
2 0.853978 0.18245 0.0290022 0.0295769
2 0.466528 0.0549892 0.0295296 0.0159795
2 0.571843 0.115676 0.0513763 0.0303138
2 0.786138 0.14036 0.0290546 0.0265226
2 0.401844 0.0603672 0.0310191 0.0171083
2 0.126883 0.15718 0.0303271 0.0409522
2 0.655079 0.113021 0.0325525 0.0255917
2 0.817885 0.136164 0.0276882 0.0215987
2 0.632757 0.124076 0.0577591 0.0325854
7 0.535264 0.0644835 0.0465501 0.0301853
2 0.608487 0.142185 0.0590157 0.0402651
2 0.114705 0.14376 0.0250426 0.0277391
2 0.764072 0.121119 0.0263448 0.0228428
2 0.374356 0.0633924 0.0155246 0.0188694
2 0.769746 0.125743 0.0171902 0.0167626
2 0.0787917 0.501596 0.157325 0.147764
2 0.762381 0.444562 0.164717 0.148489
2 0.321392 0.238744 0.109271 0.0617948
2 0.747777 0.203918 0.0575354 0.0415508
2 0.152525 0.261876 0.096143 0.0669114
2 0.492981 0.126128 0.0629495 0.0330479
2 0.180661 0.151448 0.0354089 0.0374002
2 0.815195 0.191293 0.0343101 0.0325058
2 0.146724 0.181182 0.0327172 0.0387348
2 0.0410158 0.158426 0.0412839 0.0306308
2 0.466529 0.0549904 0.0295334 0.0159876
2 0.40201 0.0603236 0.0310133 0.0171309
2 0.126411 0.157193 0.0293111 0.0409834
2 0.78436 0.14 0.0295849 0.0268729
2 0.629559 0.124246 0.058676 0.0325544
2 0.855589 0.182194 0.0279736 0.0289895
2 0.816923 0.13584 0.0288584 0.0219261
2 0.607743 0.142686 0.0589415 0.0401044
2 0.653586 0.113194 0.0324 0.0254264
7 0.535259 0.0645004 0.0465452 0.0302307
2 0.571904 0.115762 0.0511461 0.0304075
2 0.114843 0.143958 0.025393 0.0280725
2 0.761872 0.121227 0.0257437 0.0230028
2 0.374262 0.0641451 0.0153801 0.0174891
2 0.0788049 0.50162 0.157279 0.147663
2 0.738368 0.428114 0.162841 0.143942
2 0.309015 0.238144 0.108814 0.0587526
2 0.140021 0.2662 0.0958375 0.0673023
2 0.753152 0.203305 0.0554438 0.0410549
2 0.492905 0.125998 0.0629393 0.0331961
2 0.18067 0.151429 0.0353711 0.0374071
2 0.818984 0.189972 0.0330021 0.0322601
2 0.146769 0.181323 0.0326346 0.0387769
2 0.0419759 0.157783 0.040684 0.0305823
2 0.402111 0.060442 0.0311622 0.0169787
2 0.466527 0.0549908 0.0295374 0.0159938
2 0.781867 0.138224 0.0295122 0.0305686
2 0.126542 0.157191 0.0295949 0.0411054
2 0.607642 0.143431 0.0598097 0.0391569
2 0.6266 0.123952 0.0586604 0.0328846
2 0.816137 0.135729 0.0310644 0.0229479
2 0.858043 0.181707 0.0265385 0.0281964
2 0.651125 0.113747 0.033044 0.0247448
2 0.571828 0.115494 0.051117 0.0304862
7 0.535281 0.0644915 0.0466022 0.0301972
2 0.114828 0.144068 0.0256739 0.028293
2 0.75691 0.118587 0.0195557 0.018663
2 0.374247 0.0641812 0.0156321 0.0173974
2 0.767207 0.12483 0.0184289 0.0145009
2 0.078827 0.501662 0.157313 0.147677
2 0.714638 0.41178 0.161911 0.139262
2 0.29658 0.2386 0.107996 0.0559344
2 0.758277 0.202718 0.053078 0.0405766
2 0.492956 0.12601 0.0630884 0.033195
2 0.180661 0.151411 0.0353744 0.0374106
2 0.126126 0.269807 0.0974668 0.0697281
2 0.146747 0.181254 0.0327048 0.0386702
2 0.822141 0.189613 0.0325798 0.0318405
2 0.0415669 0.157938 0.0416165 0.0306201
2 0.860436 0.18124 0.0273018 0.0282115
2 0.466531 0.0549997 0.029528 0.0159962
2 0.126555 0.157135 0.0298263 0.0408867
2 0.402057 0.0604305 0.0309491 0.0167899
2 0.607058 0.142957 0.0605154 0.0397464
2 0.81511 0.13541 0.0327633 0.0232422
2 0.571682 0.115577 0.0508019 0.0304912
2 0.779789 0.1417 0.0304995 0.0234618
2 0.649579 0.112971 0.033901 0.025657
2 0.62493 0.124359 0.0583354 0.0332419
7 0.535286 0.0645308 0.046595 0.0301082
2 0.114696 0.144021 0.0254059 0.0282583
2 0.758421 0.119725 0.0257453 0.0210398
2 0.374194 0.0640927 0.0157323 0.01755
2 0.866682 0.147954 0.00821514 0.00826124
2 0.0989993 0.112059 0.0228483 0.020273
2 0.0788368 0.501644 0.157286 0.147694
2 0.69205 0.396741 0.160126 0.134135
2 0.284022 0.237834 0.107061 0.0553861
2 0.763711 0.201585 0.0505657 0.0400559
2 0.114351 0.272962 0.0935107 0.0733725
2 0.492941 0.125944 0.0630884 0.0331337
2 0.18066 0.151427 0.0354 0.0374218
2 0.146725 0.181267 0.0327016 0.0386681
2 0.0419787 0.157844 0.0417733 0.0307362
2 0.825181 0.189033 0.0317974 0.031241
2 0.40202 0.0604951 0.0313284 0.0168765
2 0.466515 0.0549719 0.0295603 0.0160341
2 0.607374 0.142544 0.060701 0.0410944
2 0.127498 0.157138 0.031587 0.0408971
2 0.647713 0.113198 0.034701 0.0254375
2 0.778459 0.141423 0.0288202 0.0244401
2 0.862053 0.180846 0.0262144 0.0274993
2 0.571646 0.115451 0.0505785 0.0301919
7 0.535286 0.0644781 0.0465927 0.030136
7 0.622616 0.124092 0.0559188 0.0332442
2 0.814448 0.135231 0.0339468 0.0234822
2 0.756632 0.119142 0.0256117 0.0207826
2 0.114724 0.144052 0.0255661 0.0284528
2 0.865308 0.147614 0.0082943 0.0083813
2 0.374251 0.0642709 0.015363 0.0171452
2 0.820428 0.138846 0.0218124 0.0165031
2 0.837943 0.136426 0.0101643 0.00985723
2 0.861897 0.146386 0.0149719 0.0100515
2 0.0786538 0.501585 0.15696 0.147952
2 0.669245 0.382283 0.158536 0.128729
2 0.768421 0.200661 0.0486973 0.039348
2 0.493079 0.125806 0.0631186 0.0333658
2 0.180547 0.151907 0.0353707 0.0362029
2 0.146709 0.180902 0.0326358 0.0379411
2 0.828176 0.188754 0.0305403 0.0298489
2 0.0426276 0.157226 0.0410378 0.0307065
2 0.125367 0.157459 0.0271985 0.04027
2 0.27129 0.237437 0.106147 0.0553347
2 0.775717 0.139767 0.0303982 0.0270991
2 0.466365 0.0549326 0.0297172 0.0158695
2 0.646581 0.113151 0.0331795 0.0255227
2 0.0998297 0.282448 0.0931757 0.0723123
2 0.401807 0.0603388 0.0307749 0.0167503
2 0.606308 0.143019 0.0596838 0.0403847
7 0.618614 0.123881 0.0602251 0.0342905
2 0.114981 0.143778 0.0255355 0.027479
2 0.863595 0.180782 0.0248135 0.0270355
2 0.75417 0.11908 0.024472 0.0206213
7 0.535212 0.0643691 0.0464414 0.0299528
2 0.577372 0.118002 0.0391699 0.0242557
2 0.860226 0.146124 0.0164686 0.0108023
2 0.806659 0.133548 0.0240349 0.0205436
2 0.86416 0.14699 0.00876923 0.00887012
2 0.293539 0.227862 0.0632739 0.0402135
2 0.374099 0.0630493 0.0155095 0.0190265
2 0.836956 0.13613 0.010532 0.0108223
2 0.846331 0.137999 0.00981865 0.011241
2 0.766637 0.126785 0.0192215 0.0156711
2 0.0786519 0.501508 0.157009 0.148017
2 0.648293 0.369219 0.154647 0.123451
2 0.253442 0.241304 0.0953819 0.0496008
2 0.772899 0.199839 0.0470162 0.0381868
2 0.492924 0.125908 0.0631128 0.0333083
2 0.180546 0.151842 0.0353948 0.0363168
2 0.146633 0.180963 0.0327842 0.0380893
2 0.831384 0.188021 0.0300301 0.029373
2 0.0434331 0.156947 0.0415642 0.0310447
2 0.125491 0.157433 0.0272953 0.0404265
2 0.466384 0.0549287 0.0297499 0.0158556
2 0.644681 0.11338 0.0351618 0.0254162
2 0.0868298 0.290396 0.0888033 0.0662005
2 0.401637 0.0603747 0.0309432 0.0168628
2 0.865852 0.180618 0.025267 0.0265294
2 0.606074 0.143103 0.0607599 0.040126
2 0.576607 0.118201 0.0401434 0.0242516
7 0.614901 0.123081 0.0605343 0.0318329
2 0.773477 0.138788 0.0317678 0.0280848
7 0.535225 0.0644364 0.0464758 0.0300385
2 0.114847 0.143944 0.0255906 0.0276989
2 0.80621 0.133382 0.0268898 0.0221156
2 0.752781 0.119416 0.0253922 0.0219519
2 0.290299 0.229925 0.0398041 0.0393689
2 0.859152 0.146126 0.0163982 0.0103387
2 0.863324 0.14696 0.00829086 0.00853195
2 0.768996 0.127092 0.0252667 0.0155108
2 0.77945 0.142786 0.0194712 0.0203444
2 0.37413 0.0631132 0.0155998 0.0189118
2 0.844817 0.137543 0.0127781 0.0117885
2 0.816872 0.128156 0.0175205 0.0143015
2 0.0788334 0.501526 0.157379 0.147639
2 0.626846 0.356608 0.154635 0.118169
2 0.245519 0.238593 0.103323 0.0573854
2 0.0712216 0.295871 0.0945223 0.0708141
2 0.777862 0.198843 0.0448597 0.0375075
2 0.493014 0.126025 0.0631542 0.0330845
2 0.180352 0.152045 0.0354961 0.0370033
2 0.146501 0.180846 0.0331174 0.0384061
2 0.0437899 0.156107 0.0404708 0.0325584
2 0.834181 0.187801 0.030476 0.0282738
2 0.125286 0.157048 0.0269058 0.0407636
2 0.466382 0.0548229 0.0295744 0.0157518
2 0.571164 0.115438 0.0499658 0.0298353
2 0.401655 0.0605714 0.0308916 0.0166518
2 0.64361 0.113094 0.0358801 0.0255035
2 0.751277 0.119684 0.0254513 0.0233638
2 0.804572 0.133492 0.02691 0.0216284
2 0.771882 0.141938 0.0304579 0.0230028
2 0.86762 0.180351 0.0243221 0.0263659
2 0.604882 0.14408 0.0587141 0.0383801
7 0.611674 0.122173 0.0624699 0.0309305
7 0.535157 0.0644038 0.0467158 0.0300703
2 0.115166 0.143748 0.0258366 0.0277736
2 0.766906 0.127846 0.0224826 0.0178647
2 0.858225 0.144988 0.0167015 0.011473
2 0.862064 0.146426 0.00849686 0.00869888
7 0.54299 0.0385619 0.0773647 0.0259515
2 0.814975 0.129906 0.0162355 0.016718
2 0.884458 0.145881 0.00883369 0.00759983
2 0.844221 0.137715 0.0140312 0.0116064
2 0.374195 0.0632263 0.0158779 0.0190358
2 0.103575 0.113164 0.0156101 0.0198557
2 0.0788529 0.501427 0.157373 0.147648
2 0.606925 0.345181 0.15125 0.113119
2 0.0569396 0.301376 0.0927009 0.0771524
2 0.782184 0.198129 0.04426 0.0372311
2 0.493068 0.126076 0.0632663 0.0330147
2 0.180356 0.152047 0.0355148 0.0370376
2 0.146604 0.180869 0.033045 0.0385075
2 0.0438509 0.156247 0.0408628 0.0325129
2 0.769824 0.140037 0.0310326 0.0263955
2 0.230196 0.243491 0.0965042 0.0512138
2 0.836788 0.18683 0.0289705 0.0286041
2 0.466399 0.0548473 0.029537 0.0157664
2 0.402171 0.0604556 0.0314467 0.0165383
2 0.639614 0.112768 0.0397511 0.026374
2 0.125251 0.157006 0.0270104 0.0407006
2 0.801972 0.133454 0.0257599 0.0215221
2 0.570687 0.115189 0.0486458 0.0297546
2 0.869501 0.18 0.0234184 0.0257606
2 0.748889 0.119069 0.023881 0.0219045
7 0.608703 0.121755 0.0638384 0.0292468
7 0.535222 0.0644301 0.0466211 0.0301749
7 0.605374 0.144081 0.0600718 0.0380431
2 0.85723 0.144686 0.0160007 0.0117647
2 0.812816 0.129268 0.0157833 0.0165009
2 0.115162 0.143732 0.0260765 0.0275179
2 0.884004 0.145922 0.0080986 0.00745821
7 0.542412 0.0383805 0.0775263 0.0257415
2 0.761428 0.127165 0.0185402 0.0171279
2 0.852033 0.141253 0.0264702 0.018238
2 0.0788584 0.501413 0.157263 0.147746
2 0.587231 0.334095 0.148903 0.109693
2 0.0441527 0.30873 0.0880898 0.0772491
2 0.219595 0.242295 0.0997738 0.0589211
2 0.493204 0.126022 0.0636362 0.0331545
2 0.786451 0.196604 0.0435406 0.0371993
2 0.180346 0.152154 0.0355107 0.0369123
2 0.146561 0.181028 0.0329943 0.0386655
2 0.0441561 0.155811 0.0412229 0.0332953
2 0.767758 0.140162 0.0309612 0.0255841
2 0.83956 0.186025 0.0294479 0.0293908
2 0.466414 0.0548672 0.0295875 0.015785
2 0.639008 0.113206 0.0394401 0.026247
2 0.401764 0.0604668 0.0311798 0.0169499
2 0.56953 0.115361 0.0466456 0.0293947
2 0.125299 0.157063 0.0271299 0.0406601
2 0.871391 0.179923 0.0226307 0.0248514
2 0.800457 0.132903 0.0264237 0.0218733
2 0.747034 0.118602 0.0243098 0.0217259
7 0.606439 0.121978 0.0646554 0.0303433
7 0.605468 0.144329 0.0593578 0.0378662
7 0.535195 0.064392 0.0466347 0.0301512
7 0.542287 0.0385521 0.0775553 0.0261146
2 0.884091 0.145791 0.00950623 0.00754115
2 0.115294 0.143886 0.0266686 0.0281263
2 0.762198 0.127186 0.024131 0.0191932
2 0.856665 0.144495 0.0148865 0.0105589
2 0.811418 0.128946 0.0162199 0.0162845
2 0.374295 0.0631546 0.0155748 0.0192466
2 0.0788647 0.501405 0.15726 0.147779
2 0.5689 0.324705 0.144872 0.107672
2 0.0372013 0.316453 0.0742249 0.0773801
2 0.206833 0.245013 0.0989802 0.0597162
2 0.493177 0.126087 0.0635623 0.0329795
2 0.790771 0.196379 0.0422348 0.0362616
2 0.180356 0.152159 0.0355224 0.0368773
2 0.146564 0.181007 0.0330113 0.0384908
2 0.0442181 0.155573 0.0412466 0.0330561
2 0.638348 0.113114 0.0389277 0.0258635
2 0.466403 0.0548875 0.029615 0.0158189
2 0.401779 0.0604227 0.0311989 0.0170624
2 0.568844 0.115081 0.0453873 0.029097
2 0.125276 0.156993 0.0270655 0.0407785
2 0.798948 0.132851 0.027085 0.0218381
2 0.842584 0.185802 0.02869 0.0278638
2 0.872895 0.179781 0.0239496 0.0247739
7 0.605053 0.144314 0.0597149 0.0379322
2 0.765591 0.140038 0.0316928 0.0258168
7 0.535206 0.0643943 0.0465982 0.0300851
2 0.74484 0.117672 0.0243334 0.0201112
7 0.604591 0.122677 0.0667542 0.0308098
2 0.809997 0.128978 0.0167187 0.0172287
2 0.114978 0.143812 0.0259017 0.0276217
7 0.54273 0.038557 0.0766519 0.02586
2 0.85598 0.14351 0.0134766 0.0140423
2 0.756975 0.126268 0.0233265 0.0182041
2 0.883425 0.145613 0.0103096 0.00782957
2 0.374306 0.0631912 0.015588 0.0190959
2 0.0788487 0.501429 0.157251 0.147778
2 0.550321 0.314597 0.142873 0.10179
2 0.194493 0.247403 0.0989978 0.0606676
2 0.0295358 0.319992 0.0589282 0.0681823
2 0.49326 0.126011 0.063694 0.0329578
2 0.79533 0.195219 0.040441 0.0360179
2 0.180328 0.152101 0.0355144 0.036991
2 0.146526 0.181014 0.0330339 0.0385194
2 0.0442407 0.155763 0.041196 0.0328538
2 0.466394 0.0548989 0.0295321 0.0158497
2 0.637833 0.113 0.0369858 0.0259841
2 0.401808 0.0604435 0.0312441 0.0170148
2 0.796617 0.132831 0.0274912 0.0217816
2 0.844955 0.185442 0.027471 0.0269439
2 0.568997 0.113993 0.0455629 0.0279026
2 0.125277 0.157011 0.0271844 0.0409064
2 0.763279 0.139706 0.0323052 0.0270732
2 0.604636 0.143425 0.0593809 0.0393582
2 0.875051 0.179328 0.0225924 0.0244773
2 0.743784 0.117621 0.0245246 0.0200617
7 0.602621 0.123675 0.068485 0.0331215
7 0.535216 0.064397 0.0466168 0.0301137
2 0.808332 0.129062 0.0174641 0.0169659
2 0.104028 0.11332 0.0163812 0.0199347
2 0.114947 0.143828 0.0257406 0.0277722
7 0.542627 0.0386716 0.0773789 0.0261625
2 0.374343 0.0632315 0.0153808 0.0190832
2 0.0788488 0.501434 0.157253 0.147745
2 0.532532 0.305986 0.139887 0.0985034
2 0.181635 0.249875 0.0975377 0.061872
2 0.493026 0.126022 0.0631638 0.0329684
2 0.0214044 0.324184 0.0425979 0.0597931
2 0.799468 0.194248 0.0394003 0.0353914
2 0.180349 0.152121 0.0354836 0.0368639
2 0.146563 0.180918 0.0329659 0.0382997
2 0.0442965 0.155775 0.041108 0.0328698
2 0.84797 0.18515 0.0268478 0.0263942
2 0.466396 0.0548935 0.0295506 0.0158628
2 0.401955 0.0607349 0.0315024 0.0164943
2 0.12525 0.157067 0.0271933 0.0407757
2 0.63528 0.112686 0.0402702 0.02625
2 0.761043 0.139789 0.0333179 0.0267747
2 0.79512 0.132574 0.0282511 0.0226403
2 0.602967 0.142893 0.0564816 0.0377015
2 0.568751 0.113877 0.0447505 0.0274797
2 0.596596 0.123074 0.0632176 0.0315814
7 0.53521 0.0643924 0.0466051 0.0300896
2 0.741024 0.11673 0.02348 0.0186024
2 0.876599 0.178965 0.0221056 0.024268
2 0.807268 0.128821 0.0181496 0.0166187
2 0.115237 0.143838 0.0261509 0.0280072
2 0.104162 0.113654 0.0163061 0.019699
2 0.852356 0.144272 0.0158348 0.0101864
2 0.374262 0.0630945 0.0156953 0.019343
2 0.750874 0.125354 0.0214872 0.018522
7 0.541442 0.0394397 0.0782427 0.0280626
2 0.0788288 0.501419 0.157259 0.147715
2 0.515779 0.298571 0.13735 0.0961644
2 0.167174 0.252754 0.0981131 0.0623213
2 0.49316 0.126169 0.0633462 0.0326824
2 0.803864 0.193688 0.037816 0.0341633
2 0.180365 0.152167 0.035529 0.0368811
2 0.146588 0.18101 0.0329799 0.0384945
2 0.0138992 0.328616 0.027647 0.0509732
2 0.0443921 0.155931 0.0408568 0.0325082
2 0.601974 0.143021 0.0548862 0.0402835
2 0.402069 0.0606166 0.031367 0.0163732
2 0.850351 0.184502 0.0259823 0.0258229
2 0.466397 0.0548986 0.0295408 0.0158517
2 0.12525 0.157114 0.0271837 0.0407348
2 0.75916 0.139652 0.0330906 0.0269724
2 0.79332 0.132377 0.0285509 0.0224275
2 0.634239 0.112677 0.0406302 0.0259217
2 0.568287 0.114027 0.0440712 0.0277163
2 0.58843 0.123414 0.0524481 0.0320874
7 0.53524 0.0643854 0.0465965 0.0300746
2 0.85169 0.143586 0.0143276 0.0121614
2 0.877608 0.178892 0.0208559 0.0238204
2 0.740964 0.116723 0.0263721 0.0197102
2 0.115315 0.143871 0.0262686 0.0280422
2 0.839055 0.136289 0.0159924 0.0134371
2 0.104333 0.113337 0.0159917 0.0203225
2 0.804284 0.126666 0.0143621 0.0141686
2 0.826223 0.131005 0.0125986 0.0111585
2 0.374192 0.0632078 0.0156877 0.019135
2 0.748821 0.125692 0.0189135 0.0175891
2 0.0788445 0.501409 0.157226 0.147654
2 0.499205 0.291731 0.134525 0.0927006
2 0.155863 0.256108 0.0945543 0.0629558
2 0.493039 0.126138 0.0631047 0.0327403
2 0.807244 0.192856 0.0368511 0.0343651
2 0.180382 0.152122 0.0355645 0.0368908
2 0.146616 0.180967 0.0329521 0.0383814
2 0.044347 0.155996 0.0409329 0.0323526
2 0.00602947 0.332314 0.0119928 0.0410498
2 0.757147 0.139941 0.0330946 0.0262724
2 0.632888 0.112804 0.0411905 0.0260257
2 0.466396 0.0548775 0.0295826 0.0158147
2 0.852708 0.184858 0.0248175 0.0250612
2 0.401896 0.0606624 0.0314224 0.0165489
2 0.125248 0.157072 0.0272261 0.0406542
2 0.879914 0.178733 0.0218224 0.0240505
2 0.599391 0.139877 0.0503312 0.0324976
7 0.535181 0.0644113 0.0465972 0.0301241
2 0.104587 0.113751 0.0163699 0.019808
2 0.588358 0.123901 0.056897 0.0326005
2 0.115068 0.143759 0.0256915 0.0275857
2 0.804032 0.127616 0.0182243 0.0177137
2 0.568877 0.114277 0.0455687 0.0275873
2 0.851739 0.143808 0.0112995 0.0110724
2 0.737349 0.115653 0.0230769 0.0184594
2 0.824741 0.131097 0.0128605 0.0115219
2 0.74699 0.125191 0.0204175 0.0188695
2 0.83886 0.136917 0.0161816 0.0127871
2 0.880123 0.14376 0.0105042 0.00798976
2 0.374026 0.0630775 0.0160407 0.0194655
2 0.797319 0.13543 0.0167003 0.0153919
2 0.862322 0.14437 0.0093832 0.00675189
2 0.0788094 0.50143 0.15724 0.147585
2 0.483345 0.285108 0.132017 0.090341
2 0.142168 0.26008 0.0922541 0.0646123
2 0.493028 0.126149 0.0631084 0.0327671
2 0.811225 0.192372 0.0353209 0.0331742
2 0.180359 0.152196 0.0355149 0.0368008
2 0.146625 0.180865 0.0329638 0.0381456
2 0.0444171 0.155819 0.0407457 0.0325884
2 0.632679 0.112642 0.0413591 0.025891
2 0.754522 0.140021 0.0343872 0.026383
2 0.466393 0.0548792 0.0295992 0.0158279
2 0.401691 0.0606168 0.0308901 0.0167704
2 0.125241 0.157095 0.0271896 0.0407523
2 0.603944 0.142601 0.0590401 0.0403221
2 0.104639 0.114355 0.0165154 0.0217261
2 0.590928 0.124084 0.0681791 0.0340736
2 0.854962 0.184775 0.0247639 0.0242684
2 0.569135 0.11389 0.0462976 0.0275628
2 0.881353 0.178735 0.0214008 0.0239068
7 0.53517 0.0644209 0.0465815 0.030104
2 0.737983 0.116335 0.0271465 0.0199636
2 0.823787 0.131498 0.0134426 0.0132539
2 0.802731 0.127669 0.0184149 0.0176653
2 0.115365 0.143968 0.0264122 0.0280455
2 0.795875 0.135615 0.0170826 0.0152291
2 0.860603 0.143347 0.00889893 0.00787761
7 0.542576 0.0387271 0.077667 0.0263606
2 0.743678 0.125293 0.0214211 0.0199003
2 0.851487 0.143693 0.00879078 0.0106993
2 0.837588 0.137487 0.0119511 0.0114772
2 0.374224 0.0630871 0.0157235 0.0194235
2 0.899335 0.153459 0.00850182 0.00859807
2 0.0788143 0.501438 0.157258 0.147696
2 0.467621 0.280283 0.129724 0.0892244
2 0.129078 0.264706 0.0930149 0.0639738
2 0.492969 0.126164 0.062944 0.032696
2 0.180381 0.152213 0.035574 0.0368101
2 0.146613 0.180967 0.0328872 0.0383134
2 0.814779 0.191601 0.0347292 0.0328088
2 0.0442596 0.155956 0.041058 0.0326504
2 0.752724 0.139889 0.0338367 0.026807
2 0.466392 0.0548823 0.0295851 0.0158204
2 0.401838 0.0606066 0.0312621 0.0168416
2 0.631505 0.11281 0.0413193 0.0261121
2 0.125225 0.157124 0.0271629 0.0408616
2 0.856606 0.18406 0.0244225 0.024843
2 0.569191 0.11512 0.0460716 0.0282172
2 0.88309 0.178619 0.020866 0.0233923
2 0.609027 0.144278 0.0503575 0.0378496
2 0.587662 0.125254 0.0664284 0.0339265
2 0.104645 0.115434 0.0164773 0.023383
7 0.535154 0.0644163 0.0465611 0.0300698
2 0.734828 0.115843 0.0244204 0.0185778
2 0.801487 0.127597 0.0191818 0.0173589
2 0.11516 0.143831 0.0257536 0.0275898
7 0.542434 0.038511 0.0774796 0.0259166
2 0.822536 0.131293 0.0131287 0.013727
2 0.742748 0.125714 0.0232634 0.0186297
2 0.794786 0.135362 0.0173712 0.0152966
2 0.836531 0.136365 0.0104706 0.0128366
2 0.374221 0.0630515 0.0156792 0.0194754
2 0.859606 0.143524 0.0100159 0.00771484
2 0.89826 0.153213 0.00946941 0.00802994
2 0.856133 0.142977 0.017477 0.0104952
2 0.0788122 0.501724 0.15735 0.147587
2 0.452239 0.27502 0.127241 0.0873963
2 0.493106 0.126068 0.0628593 0.0329183
2 0.818533 0.190568 0.0348804 0.0328645
2 0.180502 0.151838 0.035412 0.0366189
2 0.146726 0.181501 0.0325122 0.038967
2 0.0445724 0.155281 0.0407129 0.0344593
2 0.750537 0.140206 0.0344374 0.0261738
2 0.859464 0.183246 0.0234348 0.0251459
2 0.466205 0.0546686 0.0300625 0.0153472
2 0.586231 0.125726 0.0693968 0.0348291
2 0.401707 0.0604201 0.0309757 0.0168707
2 0.630347 0.112599 0.04205 0.0264369
2 0.125328 0.157316 0.0272226 0.0409669
2 0.570113 0.113856 0.0478086 0.0271083
2 0.604742 0.142642 0.0599958 0.0403755
2 0.116222 0.268255 0.0923621 0.0678394
7 0.535221 0.0644229 0.0467018 0.0301842
2 0.734957 0.115598 0.0281649 0.0189593
2 0.786575 0.132587 0.0296122 0.0213615
2 0.742541 0.125213 0.0269564 0.0198225
2 0.80066 0.127269 0.0198334 0.0178591
2 0.104855 0.11594 0.0165221 0.0250452
2 0.883517 0.178115 0.0195736 0.0224942
2 0.115723 0.144117 0.0271558 0.0276018
2 0.820635 0.130702 0.013084 0.0135688
2 0.897446 0.152501 0.0099144 0.00924673
2 0.374573 0.0636409 0.0150655 0.0182168
2 0.833157 0.13619 0.0367981 0.0221028
2 0.851545 0.138718 0.0216476 0.0170763
2 0.0788134 0.501671 0.157311 0.147504
2 0.437753 0.270253 0.124468 0.0847408
7 0.102404 0.271248 0.0901093 0.0735101
2 0.493146 0.12592 0.0629137 0.0331005
2 0.821867 0.190122 0.0325665 0.031186
2 0.146574 0.181393 0.0328049 0.0386075
2 0.180547 0.151875 0.0354641 0.036541
2 0.044565 0.15535 0.040649 0.0340916
2 0.748388 0.1399 0.0353214 0.0268744
2 0.583604 0.125591 0.0702509 0.0350722
2 0.629599 0.112636 0.0418862 0.026833
2 0.603767 0.14286 0.060144 0.0398452
2 0.466247 0.0547472 0.0299929 0.0152556
2 0.86142 0.182642 0.0233292 0.0247166
2 0.125348 0.157165 0.0271817 0.0410917
2 0.739758 0.125346 0.0275114 0.0202555
2 0.401662 0.060395 0.0308718 0.0168879
7 0.535214 0.064405 0.0466454 0.0301647
2 0.73253 0.115121 0.0274072 0.018762
2 0.570688 0.113009 0.0484774 0.0256654
2 0.784552 0.132034 0.0299624 0.0215859
2 0.104867 0.116217 0.0163925 0.0250278
2 0.885158 0.178127 0.0188162 0.0225379
2 0.115405 0.144215 0.0260324 0.0273206
2 0.798921 0.127143 0.0203624 0.0176849
2 0.897047 0.15202 0.00939503 0.0094415
2 0.818374 0.131341 0.013567 0.013503
2 0.374659 0.0632847 0.014667 0.0186782
2 0.844161 0.140168 0.0153229 0.0164243
2 0.832826 0.137153 0.038752 0.0228267
2 0.0787992 0.501693 0.15729 0.147508
2 0.423468 0.265748 0.122421 0.0819917
2 0.493445 0.126122 0.0633862 0.0329476
2 0.824751 0.189611 0.0317749 0.0306351
2 0.180468 0.151859 0.0353412 0.0365733
2 0.146638 0.181372 0.032548 0.0384068
2 0.0446728 0.155486 0.0405448 0.0337486
2 0.628827 0.112636 0.0419176 0.0272748
7 0.0885022 0.274131 0.088632 0.0794389
2 0.580121 0.127324 0.0686176 0.039086
2 0.466256 0.054744 0.0299671 0.0152585
2 0.602191 0.143175 0.054693 0.0400936
2 0.125312 0.157179 0.0271023 0.0408829
2 0.746226 0.139519 0.0350161 0.0273903
2 0.401759 0.0603592 0.0308913 0.0167353
2 0.737519 0.124655 0.0281907 0.0210295
7 0.535245 0.064406 0.0467089 0.0301765
2 0.570922 0.111142 0.0505697 0.0227577
2 0.730557 0.114293 0.0270084 0.0177057
2 0.863078 0.181856 0.0235695 0.0244798
2 0.818289 0.130964 0.0134216 0.0144804
2 0.115405 0.144281 0.0259727 0.0273242
2 0.105045 0.116249 0.0162962 0.0242162
2 0.844735 0.139984 0.0157772 0.0158866
2 0.782943 0.130853 0.0299027 0.0234401
2 0.797237 0.126718 0.0201834 0.0176928
2 0.374653 0.0635941 0.0144203 0.01818
2 0.885681 0.177255 0.0175438 0.0210134
2 0.0787979 0.501606 0.157339 0.147532
2 0.409763 0.26193 0.120299 0.0808345
2 0.493463 0.126182 0.0634527 0.0328711
2 0.0725042 0.290656 0.084715 0.0597303
2 0.180385 0.15173 0.0353824 0.036624
2 0.146531 0.181841 0.0325584 0.0392361
2 0.828251 0.188416 0.0310163 0.0298166
2 0.0446718 0.15559 0.0405936 0.0335131
2 0.628252 0.112639 0.0425837 0.027622
2 0.601939 0.143042 0.0536202 0.0405071
2 0.579053 0.127662 0.0705259 0.0397819
2 0.743485 0.139874 0.0369461 0.026948
2 0.125307 0.157189 0.0271527 0.0408575
2 0.466238 0.0547456 0.0300053 0.0152548
2 0.401809 0.060373 0.031057 0.0167248
2 0.864878 0.182359 0.0214996 0.0227856
7 0.535247 0.0644031 0.0467144 0.0302317
2 0.57048 0.111347 0.0521039 0.0240524
2 0.781488 0.13121 0.0298077 0.0231987
2 0.72994 0.115005 0.0289921 0.0188672
2 0.115534 0.144219 0.0266121 0.027408
2 0.817119 0.130567 0.0131969 0.0142796
2 0.795635 0.126644 0.0198201 0.0182143
2 0.735299 0.122601 0.0286191 0.0170405
2 0.105157 0.116714 0.0167898 0.0243373
2 0.841434 0.140521 0.014827 0.0146276
2 0.799103 0.129442 0.0128389 0.0125225
2 0.374876 0.0648096 0.0137519 0.0156725
2 0.825423 0.132542 0.0110121 0.0136041
2 0.0787858 0.501599 0.15736 0.14774
2 0.396214 0.258268 0.118011 0.0796414
2 0.0584995 0.293175 0.0921046 0.0704273
2 0.493289 0.12619 0.0631448 0.0329163
2 0.180417 0.15157 0.0354511 0.0367407
2 0.146581 0.181645 0.03255 0.0384147
2 0.83135 0.188377 0.030545 0.0289203
2 0.0445462 0.155654 0.0408593 0.0336061
2 0.601737 0.142968 0.053092 0.0406608
2 0.627921 0.11265 0.042212 0.0273754
2 0.741442 0.139367 0.0366903 0.0277379
2 0.466174 0.0547729 0.0300274 0.0152522
2 0.125306 0.157302 0.0271853 0.0408934
2 0.401722 0.0603311 0.0309489 0.0167814
2 0.779473 0.130452 0.0296501 0.0237348
2 0.574909 0.127412 0.0680704 0.0388816
2 0.727969 0.114385 0.0286987 0.0184119
2 0.867026 0.181449 0.0226549 0.0239018
7 0.535249 0.0643931 0.0467313 0.0302431
2 0.732497 0.124772 0.0288105 0.0210278
2 0.105247 0.117677 0.0171199 0.0253466
2 0.115426 0.144262 0.0262268 0.0270935
2 0.569928 0.110002 0.0518577 0.0199778
2 0.816306 0.130282 0.0128311 0.0152208
2 0.84129 0.140224 0.0165539 0.0146457
2 0.798472 0.129691 0.0123233 0.0121047
2 0.795697 0.126461 0.0186422 0.017883
2 0.374558 0.063507 0.0147815 0.0183272
2 0.0788031 0.501655 0.157394 0.147674
2 0.382494 0.255249 0.116703 0.0775777
2 0.0449945 0.298793 0.0896693 0.0729376
2 0.493142 0.126175 0.0628366 0.0328744
2 0.180405 0.151623 0.0354621 0.036682
2 0.146614 0.182158 0.0322857 0.0387517
2 0.601877 0.142773 0.0534144 0.0411675
2 0.739211 0.139446 0.0375784 0.0276585
2 0.044567 0.155385 0.0408414 0.0341251
2 0.834528 0.187878 0.0309807 0.0284349
2 0.627521 0.112528 0.0425055 0.026668
2 0.777894 0.130505 0.0302201 0.024209
2 0.46613 0.0547721 0.0301544 0.0152365
2 0.12527 0.157257 0.0271701 0.0408613
2 0.402016 0.0604134 0.0315724 0.0165884
2 0.572469 0.127684 0.0684582 0.038621
7 0.535223 0.0643658 0.0466609 0.0302037
2 0.726139 0.114406 0.0270718 0.0186772
2 0.868809 0.18138 0.0209084 0.0231784
2 0.730321 0.124993 0.0284689 0.020497
2 0.11548 0.144256 0.0264647 0.0271281
2 0.840686 0.139841 0.0197865 0.014861
2 0.814845 0.130032 0.0132956 0.0154689
2 0.105148 0.11735 0.0169252 0.0251843
2 0.796229 0.127309 0.014944 0.016174
2 0.57096 0.109684 0.052841 0.0202429
2 0.374584 0.0636031 0.0147493 0.0181443
2 0.891045 0.177644 0.0177513 0.0212438
2 0.0788024 0.501541 0.157407 0.147673
2 0.369736 0.252701 0.114156 0.0763342
2 0.0375569 0.30682 0.0749344 0.073174
2 0.493245 0.12604 0.0632851 0.0330135
2 0.60152 0.143163 0.0531594 0.0405828
2 0.180404 0.151619 0.035453 0.0367566
2 0.146689 0.182582 0.0318331 0.0389761
2 0.57228 0.127813 0.0709266 0.0388792
2 0.04462 0.155277 0.0406398 0.034297
2 0.626973 0.112497 0.0425291 0.02679
2 0.776008 0.130319 0.0308039 0.0245304
2 0.737393 0.138993 0.0376845 0.0287436
2 0.466127 0.054768 0.0301352 0.0152447
2 0.837099 0.187115 0.0293476 0.027923
2 0.125383 0.157136 0.027416 0.0409355
2 0.401996 0.0603328 0.0314917 0.0167333
2 0.724295 0.114056 0.0263834 0.0184372
7 0.535213 0.0643485 0.0466502 0.0301911
2 0.727849 0.124901 0.0295084 0.0212068
2 0.870544 0.180998 0.021714 0.0232894
2 0.105573 0.11806 0.0167513 0.0266359
2 0.814044 0.129757 0.0145445 0.0149186
2 0.115343 0.144233 0.0259262 0.0270044
2 0.837081 0.139944 0.0222187 0.0141561
2 0.795907 0.128926 0.0131063 0.0124643
2 0.374584 0.0633451 0.0151671 0.0186096
2 0.577255 0.109849 0.0393259 0.0168381
2 0.823706 0.134256 0.0134836 0.0111165
2 0.0787821 0.501579 0.157376 0.147613
2 0.357408 0.24977 0.111837 0.074915
2 0.0304359 0.310642 0.0606428 0.0656679
2 0.493381 0.1262 0.0633198 0.0329028
2 0.180395 0.151616 0.035461 0.0367805
2 0.569967 0.127624 0.071217 0.0389392
2 0.601463 0.143171 0.0536014 0.0402132
2 0.146864 0.182617 0.0311913 0.0392027
2 0.0445933 0.155382 0.0406336 0.0341721
2 0.774294 0.129926 0.0306549 0.0245245
2 0.735491 0.139129 0.0372007 0.0282775
2 0.626682 0.112536 0.0424746 0.0266815
2 0.840665 0.186801 0.0282825 0.0273931
2 0.466144 0.0547675 0.0301104 0.01525
2 0.125358 0.157116 0.0273183 0.0407718
2 0.401687 0.0604654 0.0311502 0.0167156
2 0.725985 0.124984 0.0307747 0.0213725
7 0.535203 0.0643477 0.0466803 0.0301665
2 0.722853 0.1139 0.027997 0.0177671
2 0.105823 0.117993 0.0166921 0.0270274
2 0.115341 0.144183 0.0260154 0.0271867
2 0.813437 0.129948 0.0150068 0.0155556
2 0.837134 0.139552 0.013858 0.0145648
2 0.872137 0.181104 0.0206814 0.0220276
2 0.375041 0.0641966 0.0140422 0.0168897
2 0.79424 0.128039 0.0139894 0.0131519
2 0.576405 0.10982 0.0413615 0.0170087
2 0.849535 0.139134 0.0137077 0.0126262
2 0.0787968 0.501598 0.157344 0.147681
2 0.344491 0.24709 0.110839 0.0739315
2 0.493312 0.12614 0.0631884 0.0328111
2 0.0228613 0.314167 0.0452378 0.0577714
2 0.180396 0.151576 0.0354471 0.0367263
2 0.601455 0.143121 0.0537087 0.0404728
2 0.568582 0.127824 0.0737942 0.0387397
2 0.146941 0.182905 0.0309807 0.0385058
2 0.732802 0.138979 0.0385858 0.0293805
2 0.0445797 0.15549 0.0403074 0.0338758
2 0.772985 0.129712 0.0315216 0.0246787
2 0.626372 0.112647 0.042324 0.0269048
2 0.466155 0.0547718 0.0300898 0.015257
2 0.401891 0.0603471 0.0313128 0.0166397
2 0.125305 0.157205 0.0270924 0.0407151
7 0.535212 0.0643547 0.0466792 0.0301825
2 0.843051 0.1862 0.0274319 0.0263817
2 0.836342 0.139601 0.0124451 0.0142872
2 0.723526 0.124736 0.0306209 0.0211617
2 0.813385 0.12993 0.0186138 0.0158762
2 0.721317 0.114188 0.0281315 0.0186826
2 0.873212 0.180093 0.0217018 0.0226887
2 0.793181 0.126106 0.0146693 0.016538
2 0.115177 0.144299 0.0259031 0.0271938
2 0.106086 0.118628 0.0170359 0.0262132
2 0.57748 0.110302 0.0415665 0.0170856
2 0.37489 0.0637457 0.0144265 0.0178185
2 0.827951 0.139987 0.0138742 0.0140357
2 0.0787924 0.501594 0.157344 0.147588
2 0.331957 0.245769 0.109486 0.0725295
2 0.493169 0.126196 0.0629053 0.0327611
2 0.0155393 0.318391 0.0309627 0.0478966
2 0.180406 0.151623 0.0354095 0.036907
2 0.601394 0.143088 0.0539873 0.0405751
2 0.0444513 0.155752 0.0404866 0.0333405
2 0.730496 0.139038 0.0392624 0.029232
2 0.147243 0.18376 0.0305705 0.0399244
2 0.567022 0.128104 0.0741017 0.0386949
2 0.771701 0.129395 0.0332655 0.0250347
2 0.625564 0.112709 0.043424 0.0269731
2 0.466147 0.0547694 0.0301071 0.0152576
2 0.401963 0.060357 0.031472 0.0167394
2 0.125286 0.157166 0.0271999 0.0405884
7 0.535125 0.0644614 0.0464733 0.0304009
2 0.875268 0.180376 0.0199242 0.021412
2 0.845809 0.185867 0.0271461 0.0260014
2 0.105995 0.118481 0.0172452 0.0272442
2 0.834701 0.139468 0.0137257 0.0143017
2 0.790298 0.126181 0.0167245 0.0170859
2 0.577563 0.110102 0.0411583 0.0176873
2 0.810901 0.128778 0.0150562 0.0142848
2 0.720929 0.119902 0.0308174 0.0295793
2 0.115268 0.144294 0.0263978 0.0277069
2 0.846022 0.13854 0.0108543 0.010739
2 0.374751 0.0637651 0.0145861 0.0177984
2 0.816199 0.130327 0.0193542 0.0168672
2 0.0788156 0.501692 0.157403 0.147632
2 0.319185 0.2441 0.108432 0.0715372
2 0.492707 0.126078 0.0620823 0.0328184
2 0.180486 0.151772 0.0356335 0.0367507
2 0.728636 0.139048 0.0392935 0.0290112
2 0.0447492 0.155816 0.040378 0.0323792
2 0.147605 0.18382 0.0299078 0.0391141
2 0.602222 0.143103 0.0566851 0.0403871
2 0.769241 0.129689 0.0319103 0.0245903
2 0.466058 0.054844 0.0304218 0.0153622
2 0.625569 0.112824 0.0432341 0.0275048
2 0.402077 0.0601115 0.0314928 0.0169367
2 0.125496 0.157402 0.0274375 0.0407899
2 0.105817 0.119315 0.0176368 0.0272831
2 0.565284 0.128132 0.0743719 0.0389008
7 0.535257 0.064392 0.046594 0.0302346
2 0.577212 0.110267 0.0409898 0.0186373
2 0.831809 0.139056 0.0158955 0.0154647
2 0.00728858 0.320804 0.014378 0.0430685
7 0.848329 0.185582 0.0265343 0.024783
2 0.810782 0.129306 0.016881 0.0159857
2 0.115028 0.144149 0.0273712 0.0280043
2 0.845645 0.138022 0.0138882 0.0122784
2 0.791092 0.127223 0.015716 0.0148859
2 0.718427 0.119935 0.0333096 0.0304736
2 0.875181 0.180079 0.0235661 0.0213502
2 0.37478 0.0632043 0.0147947 0.0189924
2 0.0788137 0.501617 0.157405 0.147491
2 0.307048 0.242444 0.106735 0.0696713
2 0.493887 0.125997 0.0645546 0.0329282
2 0.180412 0.151761 0.0355282 0.0367483
2 0.0447312 0.15569 0.0402723 0.0325105
2 0.147428 0.184862 0.0302307 0.0411462
2 0.726247 0.138313 0.0401896 0.0302598
2 0.602505 0.143071 0.0571101 0.0404405
2 0.625466 0.112877 0.0425507 0.027217
2 0.562555 0.12813 0.0735979 0.0387424
2 0.125602 0.157602 0.0276874 0.0404867
2 0.466038 0.0548044 0.030376 0.0151617
2 0.851224 0.18502 0.025316 0.0249937
2 0.767262 0.129767 0.0325287 0.0243577
2 0.402078 0.0602577 0.0314007 0.0167613
2 0.105798 0.118971 0.0177083 0.0277536
7 0.535337 0.064413 0.046665 0.030297
2 0.576911 0.111291 0.0414473 0.0193782
2 0.809344 0.129442 0.0164379 0.0162987
2 0.114972 0.144325 0.0285159 0.0278495
2 0.828984 0.138723 0.0172752 0.0161354
2 0.877319 0.180214 0.0213848 0.0213201
2 0.844229 0.137089 0.0144798 0.0114291
2 0.717 0.122926 0.0354111 0.0248862
2 0.788691 0.12737 0.014444 0.015161
2 0.904017 0.155873 0.0106548 0.00911229
2 0.375896 0.064938 0.0124224 0.0153602
2 0.0788019 0.50151 0.157325 0.147696
2 0.294799 0.241704 0.105503 0.0687475
2 0.49362 0.125894 0.0640198 0.0330622
2 0.180448 0.151641 0.0356668 0.0368761
2 0.724479 0.139126 0.0404623 0.029465
2 0.0445027 0.155386 0.0409876 0.0333987
2 0.602779 0.142838 0.0572554 0.0410035
2 0.147514 0.185535 0.0300492 0.0417685
2 0.125561 0.15781 0.0277985 0.040199
2 0.56054 0.128908 0.0729429 0.0405969
2 0.625565 0.112969 0.0426273 0.0274889
2 0.466269 0.0546809 0.0299803 0.0152795
2 0.765877 0.129492 0.0333897 0.0248095
2 0.8542 0.184759 0.0253658 0.0250022
2 0.401713 0.060299 0.0308783 0.0168255
2 0.10598 0.119412 0.0181391 0.0279176
7 0.535425 0.0644375 0.0466518 0.0300298
2 0.115404 0.14399 0.0272944 0.0273123
2 0.808462 0.128723 0.0163849 0.0158885
2 0.787217 0.125654 0.0146824 0.0172004
2 0.577716 0.111438 0.0387842 0.0200503
2 0.715384 0.119824 0.0359398 0.0300965
2 0.878899 0.179581 0.0187935 0.0212203
2 0.84318 0.136635 0.0141972 0.0108021
2 0.828212 0.13809 0.0148579 0.0157607
2 0.903095 0.155392 0.0123981 0.00877037
2 0.375019 0.063093 0.0141327 0.0187152
2 0.833548 0.138701 0.00731583 0.0137275
2 0.0788024 0.501499 0.157353 0.147813
2 0.282483 0.240596 0.104497 0.0678477
2 0.493378 0.125996 0.0637262 0.0329612
2 0.180418 0.151663 0.0358222 0.0367915
2 0.0445653 0.155265 0.0409368 0.0336034
2 0.146905 0.186269 0.0297916 0.0414324
2 0.722299 0.139045 0.0405306 0.0298812
2 0.125546 0.157935 0.027363 0.039834
2 0.602383 0.142909 0.0567539 0.040808
2 0.625598 0.112913 0.0425435 0.0271647
2 0.466375 0.0547126 0.0296888 0.0152854
2 0.764356 0.129437 0.033994 0.025157
2 0.559294 0.129122 0.0727077 0.040373
2 0.856648 0.184207 0.0248436 0.024965
2 0.401748 0.060319 0.0309613 0.0168822
2 0.577675 0.111675 0.0388038 0.020279
2 0.115086 0.144165 0.0275617 0.027443
7 0.535378 0.0644634 0.0466482 0.0300526
2 0.806442 0.128793 0.014764 0.0165516
2 0.106151 0.11968 0.0179024 0.0280207
2 0.842752 0.136694 0.0157776 0.0110207
2 0.826595 0.137875 0.0162418 0.0154699
2 0.786476 0.124922 0.0151661 0.018149
2 0.713005 0.124746 0.0376043 0.0221241
2 0.880799 0.179471 0.0181915 0.0211269
2 0.00664189 0.737832 0.0131162 0.0952675
2 0.832321 0.137598 0.00766068 0.0118296
2 0.374929 0.063094 0.014265 0.0187486
2 0.0787947 0.501502 0.157373 0.147804
2 0.270833 0.239856 0.102539 0.0657967
2 0.492787 0.126021 0.0625103 0.0328464
2 0.180471 0.151702 0.0358821 0.0368209
2 0.0445989 0.154956 0.0408602 0.034248
2 0.146741 0.186686 0.0291844 0.0410471
2 0.720225 0.138705 0.0412495 0.0310662
2 0.12574 0.158103 0.0276185 0.0401045
2 0.625579 0.11289 0.0426056 0.027124
2 0.602598 0.142937 0.0570629 0.0407729
2 0.466385 0.0547086 0.0296659 0.0153043
2 0.558344 0.12935 0.0743104 0.0411097
2 0.859004 0.183694 0.023827 0.0244935
2 0.76196 0.129276 0.0339596 0.0250807
2 0.577428 0.111194 0.0393682 0.0203584
2 0.401953 0.0601646 0.0307837 0.0169156
2 0.0104243 0.744422 0.020672 0.143948
2 0.782269 0.124993 0.0204728 0.0186431
7 0.535408 0.0644773 0.0466238 0.0300827
2 0.115341 0.144029 0.0278101 0.0279029
2 0.80558 0.128412 0.0158245 0.0169116
2 0.882209 0.17942 0.0185432 0.0203703
2 0.823291 0.137438 0.0169365 0.0154742
2 0.106364 0.119597 0.0176801 0.0271974
2 0.841426 0.136594 0.0163589 0.010447
2 0.70214 0.12568 0.0218658 0.0211927
2 0.833879 0.136474 0.0154036 0.0107867
2 0.3749 0.0632778 0.0143004 0.0185174
2 0.710779 0.111118 0.0246347 0.0134306
2 0.0787736 0.501566 0.157373 0.147918
2 0.258558 0.239101 0.101807 0.0649158
2 0.492336 0.125983 0.0615536 0.0329808
2 0.180492 0.15168 0.03601 0.0368599
2 0.0446433 0.155124 0.040697 0.0338949
2 0.556454 0.12955 0.074108 0.041171
2 0.718184 0.138453 0.0410595 0.0311946
2 0.601898 0.142759 0.0556341 0.041224
2 0.146321 0.187296 0.0289331 0.0415449
2 0.125785 0.1582 0.0276606 0.0409706
2 0.625533 0.112891 0.0426336 0.0273105
2 0.46638 0.0547079 0.029673 0.0153004
2 0.76022 0.129232 0.0334543 0.0250209
2 0.402132 0.0602488 0.0317327 0.0167307
2 0.861654 0.183451 0.0240982 0.0237059
2 0.822957 0.137914 0.01791 0.0171176
7 0.535379 0.0644102 0.0466677 0.0299529
2 0.0138127 0.7312 0.0274232 0.141295
2 0.576134 0.11187 0.0420428 0.0215782
2 0.106256 0.120604 0.017954 0.0289611
2 0.884098 0.179283 0.0181837 0.0201321
2 0.115518 0.144266 0.027318 0.0279681
2 0.805655 0.128158 0.0173035 0.0163196
2 0.840966 0.136318 0.0168343 0.0110493
2 0.8359 0.135994 0.0103542 0.0108861
2 0.700677 0.125776 0.0249585 0.0201984
2 0.0789573 0.501507 0.157062 0.147992
2 0.246917 0.239122 0.100346 0.0645486
2 0.492047 0.126038 0.0609871 0.0328401
2 0.180539 0.151724 0.035965 0.0365854
2 0.0447032 0.155098 0.0405395 0.0337195
2 0.555282 0.129464 0.0731201 0.0409392
2 0.146223 0.188078 0.0291755 0.042016
2 0.0170351 0.721869 0.0338324 0.138131
2 0.601656 0.142712 0.0553525 0.0412686
2 0.716411 0.138544 0.0415051 0.0317143
2 0.12596 0.158546 0.0277254 0.040315
2 0.625481 0.112875 0.0423375 0.0272685
2 0.821556 0.137677 0.0202763 0.0178148
2 0.466372 0.0547027 0.0296556 0.015294
2 0.75861 0.129151 0.0334103 0.0249066
2 0.402118 0.0602893 0.031685 0.0166102
2 0.804527 0.128041 0.0171644 0.0161771
7 0.535379 0.0644169 0.0466747 0.0299444
2 0.863968 0.182892 0.0228794 0.0233207
2 0.115674 0.144261 0.0273079 0.0276255
2 0.88523 0.179174 0.0181942 0.0194601
2 0.58471 0.113898 0.0254751 0.0179894
2 0.839639 0.136447 0.016017 0.0113276
2 0.106159 0.12023 0.0181425 0.0281829
2 0.574775 0.111679 0.0425589 0.0218341
2 0.708117 0.120159 0.0446779 0.0321812
2 0.712138 0.11235 0.0339821 0.0169718
2 0.00403889 0.480667 0.00806394 0.0559574
2 0.101633 0.126786 0.0276441 0.0410562
2 0.375618 0.0640535 0.0131708 0.0168421
2 0.700157 0.125864 0.0281908 0.0208059
2 0.0787248 0.501426 0.157216 0.148158
2 0.234854 0.239695 0.0994612 0.0639246
2 0.492012 0.126041 0.0608612 0.03278
2 0.180664 0.151937 0.0357852 0.0360453
2 0.0446085 0.155104 0.0407455 0.0336437
2 0.714601 0.138774 0.0419633 0.0313147
2 0.146532 0.188887 0.0290337 0.0424288
2 0.601601 0.142818 0.0553102 0.0411376
2 0.0199823 0.718561 0.0397334 0.139708
2 0.555618 0.129619 0.0764412 0.0407412
2 0.625542 0.112848 0.0425011 0.0272687
2 0.757066 0.128876 0.0344462 0.0256248
2 0.46636 0.0547277 0.0295986 0.0153186
2 0.126132 0.158858 0.027777 0.0404183
2 0.821296 0.137219 0.019989 0.0174051
2 0.401926 0.0603092 0.0311352 0.0167068
2 0.86648 0.182408 0.0231022 0.0230424
7 0.535328 0.0644249 0.0465145 0.029916
2 0.576306 0.11224 0.0424411 0.0220946
2 0.886726 0.179032 0.0174614 0.0192504
2 0.837484 0.136149 0.0159428 0.0111563
2 0.803817 0.127951 0.018128 0.0163747
2 0.706417 0.119594 0.046356 0.0328285
2 0.115569 0.144394 0.027257 0.0281679
2 0.778223 0.124256 0.022093 0.0193143
2 0.106173 0.121315 0.0192859 0.0289917
2 0.00877898 0.453697 0.0173841 0.0682204
2 0.882923 0.145553 0.0083662 0.00640996
2 0.868756 0.149123 0.00818481 0.00831324
2 0.853481 0.137349 0.0107147 0.0127804
2 0.0787535 0.501466 0.157399 0.148099
2 0.222955 0.240696 0.0987655 0.0645876
2 0.491754 0.126116 0.0602892 0.0328632
2 0.0445431 0.155365 0.0404067 0.0338968
2 0.180894 0.152568 0.0360074 0.0361033
2 0.0228292 0.715432 0.0454505 0.141071
2 0.712415 0.138728 0.0420849 0.0316004
2 0.146587 0.189317 0.0294925 0.0429471
2 0.602307 0.142858 0.0564013 0.0409329
2 0.126429 0.1592 0.0279796 0.0403102
2 0.552964 0.129702 0.0743473 0.0406752
2 0.625763 0.112814 0.0428521 0.0271465
2 0.466384 0.0547586 0.029578 0.0153527
2 0.868669 0.182223 0.0223333 0.0224446
2 0.754855 0.12885 0.0340275 0.0255141
2 0.402058 0.0602978 0.0315023 0.0166261
7 0.53534 0.0644176 0.0465342 0.0299509
2 0.887963 0.179002 0.0175768 0.0191855
2 0.803103 0.128054 0.0184864 0.0167302
2 0.821281 0.136479 0.0195602 0.0169677
2 0.776523 0.123832 0.022593 0.0194008
2 0.837651 0.135784 0.0163868 0.0118447
2 0.115591 0.144264 0.0258126 0.0277645
2 0.583937 0.113845 0.0269213 0.0184265
2 0.903589 0.176671 0.0127693 0.0170427
2 0.105933 0.12092 0.0192539 0.0295973
3 0.0132985 0.457819 0.0264245 0.0774325
2 0.70436 0.120085 0.0465867 0.0325988
2 0.695654 0.125015 0.0296339 0.0224817
2 0.865464 0.148523 0.0109381 0.0074968
2 0.374625 0.0627863 0.0153704 0.0193057
2 0.0788179 0.501524 0.157382 0.148008
2 0.211511 0.242293 0.098138 0.0657319
2 0.49212 0.126091 0.0610877 0.0326916
2 0.025601 0.713706 0.0509265 0.146039
2 0.710358 0.138572 0.0428134 0.0314977
2 0.181193 0.152385 0.0361674 0.0357903
2 0.146518 0.190197 0.0300602 0.0428788
2 0.0445104 0.155651 0.040564 0.0333042
2 0.126503 0.159488 0.0284174 0.0398886
2 0.602579 0.142805 0.0569139 0.0410713
2 0.625793 0.112844 0.0429326 0.0272952
2 0.466389 0.0547511 0.0295675 0.0153503
7 0.551167 0.129952 0.0748996 0.0410245
2 0.753263 0.128888 0.0346748 0.0256071
2 0.819155 0.137108 0.0245975 0.0184876
2 0.870357 0.181973 0.0219265 0.0222531
2 0.837041 0.13459 0.0147186 0.0136284
2 0.402043 0.0603229 0.0314953 0.0165647
7 0.535328 0.0644109 0.0465273 0.0299526
2 0.775344 0.123485 0.0236677 0.019438
2 0.889649 0.178739 0.0169441 0.0184074
2 0.105873 0.121753 0.0192202 0.0299644
2 0.801965 0.127919 0.0176674 0.0176254
2 0.116049 0.144194 0.0265289 0.0280668
2 0.694425 0.124783 0.032744 0.0222741
2 0.0186328 0.468781 0.0369232 0.0777297
2 0.575395 0.11455 0.0443886 0.0261961
2 0.865924 0.148561 0.00864182 0.00765508
2 0.708304 0.11417 0.0372227 0.0210454
2 0.897585 0.153675 0.010326 0.00904249
2 0.374753 0.0629382 0.0148691 0.0191317
2 0.0788716 0.501569 0.157173 0.14789
2 0.199191 0.24421 0.0974042 0.0662747
2 0.49173 0.125885 0.0607174 0.0327846
2 0.708932 0.138903 0.0427483 0.0305834
2 0.181334 0.152671 0.0366478 0.036613
2 0.145578 0.19098 0.0291264 0.0419705
2 0.0445479 0.155344 0.0408935 0.0336503
2 0.602773 0.14295 0.0573687 0.0407928
2 0.027985 0.712633 0.0557135 0.14974
2 0.625317 0.112742 0.0427582 0.0272841
2 0.751486 0.128485 0.0355122 0.0261681
2 0.401824 0.0604975 0.031331 0.0170581
2 0.466681 0.0546826 0.0288137 0.0153396
2 0.550035 0.129948 0.0761232 0.0413629
2 0.126856 0.159589 0.029595 0.0403392
7 0.535317 0.0643646 0.0464365 0.0302042
2 0.57696 0.115706 0.0413856 0.0284436
2 0.818109 0.136541 0.0245747 0.0168383
2 0.802294 0.127698 0.0209402 0.0163768
2 0.773981 0.123057 0.0232986 0.0193789
2 0.106963 0.121806 0.0185834 0.0278851
2 0.0232859 0.463161 0.0464066 0.0862905
2 0.872566 0.181929 0.0216455 0.0213216
2 0.691729 0.124443 0.0335054 0.0225572
2 0.83604 0.134978 0.0142059 0.0127203
7 0.890967 0.178508 0.0175276 0.0173704
2 0.700318 0.118891 0.0513432 0.0325701
2 0.865221 0.14857 0.00837936 0.00769691
2 0.373613 0.0625753 0.0175818 0.0197467
2 0.0481196 0.191021 0.0190406 0.0237858
2 0.860637 0.146857 0.0175592 0.0106572
2 0.078861 0.501875 0.157669 0.147504
2 0.187935 0.246471 0.0968496 0.0661488
2 0.492104 0.125858 0.0613615 0.032763
2 0.706807 0.138772 0.043436 0.031118
2 0.145136 0.191924 0.0294876 0.0436918
2 0.181746 0.15291 0.0361801 0.0365564
2 0.0443233 0.155476 0.0407296 0.0341042
2 0.030416 0.711627 0.0605356 0.15304
2 0.603121 0.143054 0.0578024 0.0407488
2 0.62562 0.112638 0.0427034 0.0268735
2 0.127214 0.160383 0.0297407 0.0411449
2 0.549696 0.130071 0.0753672 0.0416481
2 0.401631 0.0604576 0.030891 0.0170717
2 0.466672 0.0546801 0.0288446 0.0154049
2 0.0278189 0.454752 0.0554833 0.0730501
2 0.749674 0.12833 0.0357473 0.0259498
2 0.107266 0.121785 0.0180854 0.0269303
7 0.535363 0.0643184 0.0464748 0.0301979
7 0.874238 0.181658 0.0210886 0.0218925
2 0.690079 0.124197 0.0354765 0.0225181
2 0.772976 0.12289 0.0240316 0.0191479
2 0.576706 0.115999 0.0423866 0.0291091
2 0.819587 0.137726 0.0137825 0.014654
2 0.834939 0.13441 0.0149027 0.0136942
2 0.707394 0.113712 0.0369906 0.0214211
2 0.800927 0.12749 0.0203903 0.016789
2 0.373309 0.0624985 0.0180898 0.0199576
7 0.892342 0.178254 0.0170511 0.0177223
2 0.864068 0.148032 0.00811539 0.0079284
2 0.116431 0.144468 0.0254208 0.027937
2 0.0481558 0.19102 0.0188926 0.0238282
2 0.811778 0.136946 0.0211395 0.015649
2 0.896465 0.153415 0.0110348 0.0084837
2 0.07882 0.501614 0.157289 0.148041
2 0.0320028 0.710602 0.0637069 0.155727
2 0.49198 0.125866 0.0610829 0.0326598
2 0.176209 0.249133 0.0949706 0.0685007
2 0.704832 0.138919 0.0438435 0.0309356
2 0.144941 0.192329 0.0298557 0.044072
2 0.182339 0.15338 0.0362619 0.0367748
2 0.0442779 0.155068 0.0413232 0.0343484
2 0.127544 0.160628 0.0292503 0.0409073
2 0.602568 0.142856 0.0571236 0.0408602
2 0.625394 0.112627 0.0426287 0.0269348
2 0.466656 0.0547 0.0287603 0.0153212
2 0.401638 0.060385 0.0308325 0.0171851
7 0.548644 0.130465 0.0751484 0.0417482
2 0.74795 0.128365 0.0367765 0.0263572
7 0.535318 0.0644111 0.0464318 0.0302375
2 0.687739 0.124395 0.0357536 0.0224201
2 0.107548 0.121764 0.0185894 0.02761
7 0.876279 0.181589 0.0206306 0.0217164
2 0.577008 0.115942 0.0419207 0.0285896
2 0.771601 0.122821 0.0237038 0.0195989
2 0.834018 0.134862 0.0148541 0.0129838
2 0.116633 0.144895 0.027099 0.0282268
7 0.893856 0.178179 0.0166527 0.0175181
2 0.821568 0.137749 0.0193233 0.0158616
3 0.0318689 0.451114 0.0634266 0.0780738
2 0.0481333 0.191039 0.0192118 0.0238376
2 0.863456 0.147603 0.00832634 0.00851663
2 0.373323 0.0625032 0.0180273 0.0199007
2 0.813311 0.135455 0.0247877 0.0191553
2 0.70548 0.108383 0.0345986 0.0136114
2 0.798918 0.127154 0.0178268 0.0167785
2 0.102348 0.127773 0.0289529 0.039589
2 0.0339488 0.70921 0.0676652 0.158869
2 0.0788455 0.501452 0.157265 0.148469
2 0.491772 0.125807 0.0606804 0.0325512
2 0.703149 0.139 0.0443351 0.031234
2 0.182861 0.15385 0.0363379 0.0385777
2 0.144039 0.19367 0.0311088 0.0453293
2 0.0443591 0.154955 0.0411566 0.0344968
2 0.60206 0.142807 0.0571362 0.0409614
2 0.127622 0.160821 0.0289967 0.0409731
2 0.625434 0.112631 0.0427666 0.0270611
2 0.466661 0.0546963 0.0287583 0.0153575
2 0.401619 0.0604302 0.0308368 0.01706
2 0.163466 0.251247 0.0972874 0.0690988
2 0.685073 0.124429 0.0347729 0.0228712
7 0.535303 0.0644312 0.0464481 0.0302793
2 0.547945 0.130212 0.075152 0.0416539
2 0.746202 0.128181 0.0364349 0.0267084
2 0.576853 0.115833 0.0416716 0.0287447
7 0.878097 0.181357 0.0190216 0.020784
2 0.833571 0.135268 0.0144958 0.0120604
2 0.769331 0.122559 0.0227371 0.0196154
2 0.116399 0.144841 0.0259369 0.0280069
2 0.821128 0.137478 0.0196968 0.0153754
2 0.8949 0.178456 0.0161594 0.0172547
2 0.0369395 0.456161 0.0736948 0.096922
2 0.107591 0.123391 0.0190485 0.0289619
2 0.800035 0.126954 0.0207455 0.0169311
2 0.0482233 0.19101 0.0190914 0.0237797
2 0.701315 0.108403 0.0298824 0.0130474
2 0.374201 0.0628594 0.0160918 0.0192826
2 0.813618 0.136012 0.0238613 0.0174302
2 0.86262 0.147517 0.00870571 0.0090121
2 0.856021 0.145499 0.0131924 0.0101223
2 0.0789764 0.501316 0.157596 0.148872
2 0.491803 0.125806 0.060564 0.0323105
2 0.150365 0.254242 0.0967499 0.0697221
2 0.701479 0.138911 0.0449953 0.0317272
2 0.0352426 0.708012 0.070236 0.161349
2 0.12803 0.161351 0.0293882 0.0408215
2 0.0445151 0.155632 0.0408576 0.0330942
2 0.184066 0.154949 0.0368204 0.0366847
2 0.602874 0.142789 0.0581445 0.0410361
2 0.744473 0.127957 0.0374848 0.0266953
2 0.625386 0.112591 0.0432919 0.0269652
2 0.137616 0.195746 0.0450331 0.0475072
2 0.682987 0.123918 0.036279 0.0225159
2 0.401707 0.0603074 0.0309911 0.0169168
2 0.466827 0.0546655 0.0286264 0.0154434
7 0.547465 0.130151 0.07546 0.0414841
2 0.768229 0.122561 0.0230639 0.0200693
2 0.0412001 0.454324 0.0822288 0.105018
7 0.535115 0.0643786 0.0467522 0.0303212
7 0.880246 0.180887 0.0186327 0.0204936
2 0.576501 0.115576 0.0428293 0.0288492
2 0.116608 0.144728 0.0246061 0.0272314
2 0.820657 0.137506 0.0214497 0.0161352
2 0.832291 0.134302 0.0176384 0.0140325
2 0.810554 0.135469 0.0211514 0.0182539
2 0.102726 0.1281 0.0291888 0.0389907
2 0.79892 0.126698 0.0209351 0.017061
2 0.70261 0.114846 0.0350771 0.0253714
2 0.860699 0.146963 0.00865059 0.00859302
2 0.373786 0.0626187 0.0170732 0.019649
2 0.896126 0.177956 0.0166798 0.0166997
2 0.0789706 0.501283 0.157641 0.148992
2 0.491768 0.125816 0.0604013 0.0323109
2 0.0369377 0.706521 0.073662 0.161805
2 0.699604 0.138633 0.0447981 0.0317643
2 0.185289 0.155842 0.0370591 0.0372181
2 0.0445222 0.155742 0.040779 0.0328594
2 0.13725 0.196794 0.0446641 0.0486873
2 0.602086 0.142879 0.0565339 0.0408882
2 0.14071 0.257971 0.0923433 0.0710461
2 0.680894 0.123773 0.0381886 0.022557
2 0.625294 0.112447 0.0430475 0.0266647
2 0.74256 0.127948 0.0370732 0.0271227
2 0.128301 0.161858 0.0292375 0.041062
2 0.401728 0.0603263 0.0311173 0.0168952
2 0.466832 0.0546657 0.0286334 0.0154418
2 0.0447777 0.453987 0.0893214 0.112556
2 0.546629 0.130227 0.0749431 0.0413304
2 0.576442 0.115594 0.0428797 0.0286016
2 0.831049 0.133872 0.0158104 0.014342
7 0.88147 0.180782 0.0186176 0.0205075
7 0.535121 0.0643756 0.0467358 0.0303313
2 0.767234 0.122349 0.0231026 0.0203467
2 0.809485 0.135645 0.0206814 0.017268
2 0.102808 0.127995 0.0293873 0.0389692
2 0.118147 0.145426 0.0277191 0.0282599
7 0.897114 0.177665 0.015694 0.0160742
2 0.819766 0.137096 0.0227272 0.0153929
2 0.373906 0.0627329 0.0167382 0.0194703
2 0.701695 0.112247 0.0355127 0.0209474
2 0.796621 0.12639 0.0194101 0.0163398
2 0.0789099 0.501285 0.157438 0.148741
2 0.0378651 0.705225 0.0753999 0.164215
2 0.12886 0.261624 0.0907517 0.0730323
2 0.491899 0.125956 0.0605568 0.0322483
2 0.697912 0.138853 0.045911 0.0318509
2 0.186599 0.156958 0.0373755 0.0369605
2 0.0488029 0.447897 0.0972807 0.110438
2 0.0445354 0.155659 0.040758 0.0329604
2 0.602513 0.142989 0.0572546 0.0406884
2 0.136944 0.197691 0.0453748 0.0483123
2 0.62536 0.112544 0.0431393 0.0268664
2 0.401606 0.0603253 0.0305125 0.0166311
2 0.677741 0.123566 0.0372962 0.0226849
2 0.741 0.127568 0.0380905 0.0267906
2 0.466876 0.0546699 0.0286894 0.0154521
2 0.128538 0.16222 0.0296614 0.041269
7 0.546431 0.130582 0.0762751 0.041315
2 0.829414 0.133439 0.0167288 0.0143353
2 0.766571 0.122252 0.0241116 0.0204185
2 0.575784 0.115211 0.0442221 0.0279282
7 0.535135 0.0643579 0.0467195 0.0302361
7 0.882981 0.180382 0.0188673 0.0203883
2 0.701805 0.114525 0.0378401 0.0256763
2 0.812528 0.137193 0.0116764 0.0141287
2 0.807109 0.135266 0.0217704 0.0176147
2 0.103057 0.128247 0.0295443 0.0382026
2 0.117934 0.145458 0.0267344 0.0283708
2 0.892907 0.151796 0.0120317 0.00881748
2 0.374253 0.0627199 0.0161099 0.0195784
2 0.898252 0.177729 0.0140928 0.0159105
2 0.0788362 0.501105 0.157514 0.148919
2 0.117486 0.264991 0.090583 0.0739599
2 0.0391268 0.704401 0.0779133 0.164669
2 0.491724 0.125799 0.0603058 0.0323445
2 0.696463 0.138641 0.0454917 0.0321064
2 0.187959 0.157762 0.0376707 0.0368503
2 0.136497 0.199809 0.0454372 0.048983
2 0.0445339 0.155514 0.0407423 0.033374
2 0.129127 0.163017 0.0297452 0.0415775
2 0.602693 0.142988 0.0578933 0.040693
2 0.738873 0.127769 0.0382327 0.0269558
2 0.625333 0.112726 0.0430771 0.0271307
2 0.675907 0.124089 0.0379532 0.0255143
2 0.40168 0.0604335 0.031089 0.0167461
2 0.46687 0.0546787 0.0287333 0.0154308
2 0.828811 0.133023 0.0169228 0.0146659
2 0.545516 0.130417 0.0752636 0.040935
2 0.0520684 0.426809 0.103785 0.0755023
2 0.765525 0.122115 0.0246533 0.0200277
2 0.575436 0.115075 0.0447251 0.0279578
7 0.535161 0.0643329 0.0466959 0.0302346
7 0.88464 0.180457 0.018022 0.0200121
2 0.806378 0.135197 0.0210472 0.017834
2 0.70037 0.113963 0.0367241 0.0255584
2 0.117637 0.146159 0.0272565 0.0288611
2 0.107857 0.123934 0.0190254 0.0282582
2 0.89281 0.151903 0.011932 0.00901992
2 0.373853 0.0627685 0.0169157 0.0194591
2 0.901003 0.154365 0.0065115 0.00733
2 0.814109 0.135037 0.0110197 0.0148019
2 0.0789272 0.501353 0.157317 0.148483
2 0.0400282 0.704277 0.0797059 0.167428
2 0.106664 0.270572 0.0906129 0.0752985
2 0.491891 0.125927 0.0605553 0.0324562
2 0.0555411 0.442486 0.110841 0.115435
2 0.189493 0.158685 0.0384518 0.0377375
2 0.69493 0.138802 0.0466789 0.0325706
2 0.0444568 0.155493 0.0408545 0.0334991
2 0.603518 0.143041 0.0590702 0.0406086
2 0.129341 0.163225 0.0300543 0.0413245
2 0.73728 0.127622 0.0384422 0.0273705
2 0.625293 0.112565 0.0430881 0.0269027
2 0.672582 0.124269 0.0359184 0.0251586
2 0.401542 0.0603214 0.0307673 0.0169368
2 0.466877 0.0546718 0.0287246 0.0154044
2 0.828221 0.132672 0.0166546 0.0152644
2 0.545059 0.130443 0.0757529 0.0408961
2 0.764086 0.12179 0.0245852 0.0194658
2 0.140032 0.200503 0.0360835 0.0481902
2 0.804462 0.134568 0.0214569 0.0184702
7 0.535159 0.0643534 0.0466975 0.0302585
2 0.575007 0.115139 0.0456871 0.0276836
7 0.886256 0.180273 0.0179066 0.0191189
2 0.792243 0.125762 0.01579 0.016268
2 0.107929 0.124237 0.0190616 0.0291917
2 0.118239 0.145922 0.0272173 0.0282953
2 0.892841 0.152002 0.0115871 0.00896053
2 0.899793 0.177911 0.0120808 0.0154239
2 0.703798 0.115459 0.0439631 0.0277439
2 0.373581 0.0626697 0.0175211 0.0195983
2 0.81419 0.132941 0.0135235 0.0105113
2 0.875456 0.151952 0.00769424 0.00651789
2 0.900923 0.15456 0.0065115 0.00691141
2 0.0789663 0.50156 0.157222 0.148095
2 0.058632 0.440302 0.117192 0.117675
2 0.491903 0.126005 0.0605845 0.0324842
2 0.040865 0.704344 0.0814257 0.169288
2 0.190951 0.160207 0.0392291 0.0373831
2 0.693219 0.138913 0.0472963 0.0328719
2 0.134835 0.202238 0.0462428 0.0498408
2 0.0444371 0.155617 0.0408937 0.0331812
2 0.60424 0.14295 0.0605474 0.0407843
2 0.129766 0.163669 0.0300586 0.0421637
2 0.625249 0.112499 0.0430033 0.0268529
2 0.735362 0.127644 0.039152 0.0278344
7 0.544956 0.130697 0.0766504 0.0412835
2 0.401609 0.0603229 0.0309186 0.0169178
2 0.466898 0.054685 0.0287554 0.015445
2 0.827367 0.132104 0.0166273 0.0149767
2 0.671356 0.124712 0.0394829 0.0233997
7 0.0946547 0.27336 0.0899499 0.0775818
2 0.803356 0.134258 0.0208155 0.0186772
2 0.763434 0.121975 0.0257262 0.020339
7 0.535159 0.0643487 0.046694 0.0302331
2 0.575034 0.115051 0.045122 0.0274409
2 0.699431 0.114553 0.0395643 0.0267533
2 0.887796 0.179841 0.0179752 0.0190001
2 0.812734 0.131652 0.0131405 0.00891196
2 0.118499 0.146192 0.0266445 0.0284282
2 0.108272 0.124114 0.0199049 0.0294678
2 0.373779 0.0627264 0.017075 0.019526
2 0.900349 0.177448 0.0114069 0.0153242
