2 0.078916 0.501403 0.157576 0.147219
2 0.779865 0.458061 0.169212 0.144591
2 0.446701 0.273375 0.137931 0.0911611
2 0.209128 0.248097 0.0997036 0.0599441
2 0.657603 0.20417 0.101272 0.057371
2 0.470882 0.190161 0.0956458 0.0499189
2 0.27738 0.166107 0.0558748 0.039394
2 0.492859 0.125926 0.0626223 0.0329348
2 0.146526 0.181352 0.0330881 0.0389941
2 0.180476 0.152173 0.0357353 0.036077
2 0.681219 0.137442 0.0470907 0.034151
2 0.614827 0.114251 0.0453533 0.0277911
2 0.125333 0.157476 0.0268928 0.0408795
2 0.765794 0.127718 0.0323637 0.0252677
2 0.466527 0.0546891 0.029434 0.0152999
2 0.746186 0.117614 0.0251722 0.0188825
2 0.402059 0.0605698 0.0311975 0.0167731
7 0.53523 0.0646255 0.0463991 0.0304051
2 0.115009 0.143964 0.0254167 0.0271781
2 0.0789169 0.501455 0.157544 0.147224
2 0.758601 0.442619 0.167481 0.141006
2 0.434042 0.269919 0.134358 0.089227
2 0.196148 0.249819 0.0986506 0.0603397
2 0.667783 0.204662 0.0992571 0.056175
2 0.483597 0.191564 0.0960426 0.0499725
2 0.283647 0.167297 0.0573689 0.0393087
2 0.492884 0.125952 0.0626804 0.0330037
2 0.146484 0.181566 0.0331445 0.0393559
2 0.67868 0.137316 0.0469872 0.0343388
2 0.180463 0.152187 0.0356949 0.03598
2 0.612371 0.114179 0.0469919 0.0272416
2 0.762523 0.127735 0.0337633 0.0248048
2 0.125336 0.157502 0.0268893 0.040865
2 0.744533 0.11783 0.0254582 0.0190167
2 0.466508 0.05473 0.0295241 0.0153848
2 0.40219 0.0605121 0.0315097 0.0168715
2 0.53538 0.0645096 0.047122 0.0304765
2 0.114968 0.143949 0.0254039 0.0271838
2 0.0789071 0.501444 0.157523 0.147076
2 0.737482 0.427646 0.166735 0.138038
2 0.42144 0.266021 0.131975 0.0886992
2 0.497509 0.193108 0.0973574 0.0500601
2 0.183299 0.252066 0.0966372 0.0613721
2 0.676906 0.204499 0.0959703 0.0566887
2 0.290685 0.168644 0.0601006 0.0411021
2 0.493021 0.126067 0.0627643 0.0330279
2 0.146489 0.181527 0.0330918 0.0393296
2 0.180443 0.152222 0.0356405 0.0359932
2 0.609645 0.114349 0.04702 0.0273751
2 0.675733 0.137797 0.048638 0.034265
2 0.7595 0.127276 0.0339798 0.0254536
2 0.125331 0.157477 0.026861 0.0408322
2 0.741853 0.118062 0.0251308 0.0203573
2 0.46653 0.0547222 0.0294796 0.0154482
2 0.401904 0.0604977 0.0308886 0.016947
7 0.535233 0.0646501 0.0464129 0.0303906
2 0.114985 0.143976 0.0254547 0.0272176
7 0.858537 0.148761 0.018051 0.0183367
2 0.0789163 0.501494 0.157532 0.147077
2 0.717396 0.412767 0.163948 0.132775
2 0.408492 0.262147 0.129957 0.0864404
2 0.510615 0.194538 0.0973318 0.0496061
2 0.686763 0.204814 0.0943344 0.0556604
2 0.16765 0.255107 0.0997157 0.0614799
2 0.297532 0.169445 0.0625511 0.041076
2 0.492915 0.126049 0.0626555 0.0327761
2 0.146494 0.181556 0.0330936 0.0393234
2 0.180429 0.152204 0.035653 0.0360167
2 0.607081 0.114273 0.0472755 0.027498
2 0.757008 0.127076 0.0342611 0.0250508
2 0.12534 0.15753 0.0268659 0.0409799
2 0.67314 0.137901 0.0496668 0.0339815
2 0.4665 0.0547276 0.029554 0.0154698
2 0.73897 0.118233 0.0246983 0.0209624
2 0.401876 0.0605606 0.030808 0.0169435
7 0.535228 0.0646394 0.0463924 0.0303827
2 0.11497 0.143966 0.0254758 0.0271904
2 0.0789078 0.501577 0.15749 0.147035
2 0.696667 0.398854 0.163204 0.129365
2 0.396381 0.259155 0.128155 0.0861874
2 0.523369 0.196015 0.0974819 0.0500354
2 0.69558 0.20497 0.0913546 0.0549456
2 0.304382 0.170714 0.0654399 0.0419029
2 0.492849 0.126049 0.0625971 0.0327152
2 0.15647 0.258788 0.0932761 0.0638456
2 0.146499 0.181757 0.0331534 0.039732
2 0.180446 0.152145 0.035625 0.0361072
2 0.605221 0.114403 0.0468588 0.0272467
2 0.670284 0.138106 0.049454 0.0344858
2 0.75429 0.126996 0.0343086 0.0256621
2 0.125344 0.157554 0.0268877 0.0409901
2 0.466484 0.0547478 0.0296028 0.0154598
2 0.736504 0.116683 0.0244747 0.0190241
2 0.402069 0.0605536 0.0313427 0.0168617
2 0.535298 0.0644712 0.046953 0.0303382
2 0.115011 0.144026 0.0255428 0.0272711
2 0.0788744 0.501367 0.157484 0.147416
2 0.384514 0.256606 0.125362 0.0833793
2 0.678253 0.386497 0.160398 0.12375
2 0.142043 0.262496 0.0936768 0.0630633
2 0.704329 0.204645 0.0884869 0.0548784
2 0.536372 0.197142 0.0974395 0.0503066
2 0.313001 0.171971 0.0687814 0.0428378
2 0.492904 0.126094 0.0627407 0.0329693
2 0.146467 0.181717 0.0331817 0.0396338
2 0.180467 0.152131 0.0355966 0.0360697
2 0.668402 0.138239 0.0499388 0.0342781
2 0.602567 0.114491 0.0478997 0.0276289
2 0.125405 0.15761 0.0270405 0.041
2 0.751691 0.12668 0.034587 0.0257216
2 0.734097 0.116736 0.0255404 0.0192087
2 0.46646 0.0547535 0.0296566 0.0154736
2 0.988589 0.614133 0.0224409 0.0896123
2 0.402052 0.0605969 0.0313641 0.0169395
2 0.535322 0.0644612 0.0470152 0.0303902
2 0.11498 0.144019 0.0255182 0.0274026
2 0.0788693 0.501338 0.157472 0.147406
2 0.660274 0.374566 0.158195 0.11845
2 0.372504 0.253859 0.123831 0.0830523
2 0.321611 0.173161 0.0710169 0.044094
2 0.54946 0.198131 0.0983123 0.0504652
2 0.712328 0.205011 0.0844324 0.0530521
2 0.128841 0.26618 0.0921738 0.0666821
2 0.492926 0.12598 0.0626923 0.0329237
2 0.146444 0.181713 0.033245 0.0396977
2 0.180446 0.152176 0.0355603 0.0360856
2 0.666196 0.138434 0.0488123 0.0351615
2 0.12542 0.157568 0.0270351 0.0410264
2 0.748465 0.126333 0.0357952 0.0262022
2 0.466467 0.0547547 0.0296468 0.015487
2 0.402074 0.0606678 0.0312873 0.0168367
2 0.73202 0.116457 0.025357 0.0193218
2 0.606172 0.11622 0.0368761 0.0239605
7 0.535193 0.0645622 0.0463264 0.0303297
2 0.114765 0.143988 0.0252038 0.0272474
2 0.592644 0.113671 0.0329227 0.0242732
2 0.0789006 0.50132 0.157511 0.147479
2 0.641365 0.363153 0.15786 0.113091
2 0.360378 0.251603 0.121635 0.0818863
2 0.561433 0.198893 0.0966152 0.0499016
2 0.330798 0.173759 0.0736926 0.0463287
2 0.114682 0.269502 0.0915928 0.0696396
2 0.492891 0.126042 0.0626663 0.0329064
2 0.14645 0.181646 0.0332652 0.0395562
2 0.720358 0.205153 0.081513 0.0522804
2 0.180446 0.152183 0.0356046 0.0361406
2 0.661799 0.138314 0.0524115 0.0349737
2 0.125429 0.157605 0.0270514 0.0410326
2 0.745646 0.125883 0.0360779 0.0277288
2 0.597989 0.114826 0.0483327 0.0276818
2 0.466504 0.0547614 0.0295551 0.0154566
2 0.402017 0.0605347 0.0313313 0.0169709
2 0.729533 0.116548 0.0248914 0.0189787
7 0.535185 0.0645864 0.0463112 0.0304012
2 0.114673 0.144122 0.0253773 0.0275128
2 0.852186 0.148176 0.0190134 0.0176154
2 0.078869 0.501245 0.157484 0.147739
2 0.625331 0.351514 0.152502 0.107249
2 0.348781 0.248901 0.120468 0.0798052
2 0.573898 0.200231 0.0973174 0.0504286
2 0.340483 0.174716 0.0758573 0.0470919
2 0.492865 0.126047 0.0626426 0.0329129
2 0.72716 0.204652 0.0777216 0.0521748
2 0.146454 0.181613 0.0332428 0.0394487
2 0.180448 0.152171 0.0356146 0.0362515
2 0.660145 0.138585 0.050935 0.0357608
2 0.0998979 0.272408 0.0918363 0.0744468
2 0.125443 0.15762 0.0270422 0.0409934
2 0.466668 0.0547592 0.0292635 0.015514
2 0.401817 0.0605021 0.0308049 0.0170272
2 0.742667 0.12551 0.0368443 0.0275548
2 0.59937 0.115633 0.0419718 0.0265724
2 0.727222 0.115324 0.02631 0.0188177
7 0.535211 0.064585 0.0463791 0.0304225
2 0.114769 0.143941 0.0255382 0.0272049
2 0.850652 0.14784 0.0192356 0.0175153
2 0.95128 0.582167 0.0971157 0.130994
2 0.0788621 0.501239 0.157449 0.147673
2 0.609241 0.342398 0.148123 0.105465
2 0.337484 0.247672 0.119303 0.0784786
2 0.586165 0.200868 0.0979196 0.0499897
2 0.350574 0.176817 0.0791147 0.0459129
2 0.733599 0.204776 0.0737328 0.0516381
2 0.492988 0.12609 0.062734 0.033184
2 0.146451 0.181608 0.0332609 0.0394631
2 0.180508 0.152148 0.0356909 0.0362992
2 0.937243 0.575816 0.125147 0.150817
2 0.65863 0.138538 0.0500622 0.0359362
2 0.125442 0.157581 0.0270702 0.0410692
2 0.0872242 0.276653 0.0885485 0.0824586
2 0.466649 0.0547615 0.0292696 0.0155253
2 0.401869 0.0605507 0.0310664 0.0169622
2 0.739047 0.125097 0.0377876 0.029223
7 0.535211 0.0646463 0.0463646 0.0305088
2 0.599738 0.115991 0.0387287 0.0256745
2 0.724273 0.114902 0.0249989 0.0176143
2 0.981517 0.590771 0.0365841 0.120152
2 0.114642 0.144067 0.0257135 0.0274621
2 0.0788587 0.501505 0.157368 0.147332
2 0.925196 0.559001 0.149312 0.150519
2 0.326137 0.245991 0.117223 0.0774567
2 0.591599 0.333251 0.148769 0.103387
2 0.597167 0.201585 0.0961531 0.0505101
2 0.361444 0.178756 0.0814263 0.0472161
2 0.740204 0.204133 0.069879 0.05083
2 0.493009 0.125766 0.0628813 0.0335117
2 0.0719839 0.288713 0.0866411 0.0692413
2 0.146548 0.18134 0.0330322 0.0389754
2 0.180547 0.151847 0.0353901 0.0367499
2 0.654351 0.138313 0.0541206 0.036489
2 0.735973 0.124909 0.0385581 0.0285075
2 0.466729 0.0546485 0.0289557 0.015399
2 0.40168 0.0606017 0.0306495 0.0168403
2 0.721597 0.113934 0.0254459 0.016335
7 0.535283 0.0645321 0.0465071 0.0303277
2 0.592684 0.114985 0.0489376 0.028169
2 0.820294 0.129017 0.0195608 0.015661
2 0.125409 0.157374 0.0272683 0.0416133
2 0.0788759 0.501462 0.157407 0.147442
2 0.576649 0.324308 0.145601 0.0993773
2 0.315073 0.244677 0.115646 0.0763498
2 0.372654 0.18025 0.0842066 0.0476902
2 0.905518 0.538847 0.161899 0.144182
2 0.60837 0.201112 0.0954501 0.0524838
2 0.493114 0.125769 0.0629012 0.0336547
2 0.745938 0.203681 0.0666686 0.0501649
2 0.0590459 0.294386 0.0859262 0.0717528
2 0.146588 0.181199 0.0330073 0.0387692
2 0.180513 0.151811 0.0352865 0.0368447
2 0.653092 0.138536 0.0537841 0.0367253
2 0.7332 0.124556 0.0396639 0.0295686
2 0.466694 0.0546199 0.0290217 0.0153508
2 0.402116 0.060516 0.0311287 0.0168914
2 0.718826 0.113922 0.0258154 0.0170509
7 0.53529 0.0645476 0.0465948 0.0303589
2 0.591461 0.115247 0.0496014 0.0278981
2 0.125427 0.157407 0.0273565 0.041711
2 0.849542 0.149024 0.0116085 0.0151774
2 0.846319 0.145333 0.0211487 0.021878
2 0.0788286 0.501456 0.15741 0.147786
2 0.560946 0.315291 0.143033 0.0966798
2 0.876307 0.522901 0.153642 0.146977
2 0.304141 0.242838 0.114808 0.075282
2 0.383799 0.181943 0.0874632 0.0487451
2 0.043896 0.301421 0.0877315 0.0729095
2 0.751444 0.20306 0.0631284 0.0484358
2 0.493123 0.12583 0.0631992 0.0334475
2 0.180543 0.151735 0.0354486 0.0368456
2 0.146542 0.181409 0.0330533 0.0391689
2 0.62248 0.203708 0.0874064 0.0479122
2 0.651518 0.138476 0.0514224 0.0373394
2 0.730394 0.125038 0.0390432 0.0282562
2 0.595135 0.116313 0.0377022 0.0258583
2 0.402192 0.0604383 0.031226 0.0168206
2 0.125368 0.157326 0.026891 0.0411608
2 0.466935 0.0547107 0.0285957 0.0153511
7 0.535244 0.0643648 0.0466242 0.0299698
2 0.716935 0.113611 0.0257576 0.0165672
2 0.581549 0.113816 0.0346813 0.0259932
2 0.843182 0.145094 0.0209858 0.0217974
2 0.114892 0.144197 0.0250866 0.0278846
2 0.813478 0.128161 0.0141781 0.0162847
2 0.374196 0.0627264 0.0162194 0.0194722
2 0.0788085 0.501502 0.157347 0.147654
2 0.85696 0.50487 0.165114 0.146055
2 0.545433 0.30871 0.141545 0.0905021
2 0.293441 0.241701 0.113397 0.0745871
2 0.396297 0.183768 0.0898378 0.0493871
2 0.63007 0.204141 0.0906967 0.0475447
2 0.0368095 0.308087 0.0734876 0.0747122
2 0.756486 0.201961 0.0616493 0.0484705
2 0.492998 0.12588 0.0630957 0.0333079
2 0.180544 0.151749 0.0354404 0.0368252
2 0.146558 0.181337 0.0330363 0.039034
2 0.649456 0.138999 0.0510691 0.0369001
2 0.727355 0.124017 0.0397825 0.0298634
2 0.125358 0.157328 0.0269228 0.0412262
2 0.466949 0.0547196 0.0285679 0.015359
2 0.401934 0.0604706 0.0305335 0.0168873
2 0.587712 0.114892 0.0491943 0.0291635
2 0.841832 0.144685 0.0221506 0.0235614
7 0.535261 0.0644043 0.0466665 0.0300431
2 0.713774 0.113679 0.0266397 0.0165573
2 0.114891 0.144192 0.0249985 0.0278524
2 0.814516 0.127962 0.0193237 0.0169417
2 0.373875 0.0627753 0.0167932 0.0194149
2 0.078816 0.501442 0.15738 0.147652
2 0.832426 0.486615 0.165808 0.14602
2 0.531506 0.301925 0.139435 0.0882057
2 0.282266 0.240667 0.112088 0.0733157
2 0.408643 0.184189 0.0918944 0.0516583
2 0.493061 0.125922 0.0630762 0.0331735
2 0.760943 0.201378 0.057838 0.0485644
2 0.0297207 0.311412 0.0593255 0.0666846
2 0.180503 0.151755 0.0354278 0.0368368
2 0.146577 0.181366 0.0329881 0.0390767
2 0.645411 0.206173 0.0794877 0.0439554
2 0.125388 0.157359 0.0269214 0.0411771
2 0.401814 0.0604727 0.0306768 0.0169315
2 0.647224 0.138911 0.0517429 0.0372485
2 0.466952 0.0547536 0.0285985 0.0153395
2 0.724426 0.123389 0.0400232 0.0312311
2 0.840525 0.144227 0.022695 0.0237133
2 0.585857 0.115202 0.0497417 0.0289962
2 0.813717 0.128079 0.0208879 0.018058
7 0.535228 0.0644147 0.0466234 0.0300685
2 0.711629 0.113521 0.0262791 0.0164949
2 0.114879 0.144188 0.0249315 0.0278293
2 0.373967 0.0627969 0.016619 0.019387
2 0.0787818 0.501449 0.157281 0.147682
2 0.8084 0.469188 0.166897 0.143494
2 0.517155 0.295525 0.135936 0.0858292
2 0.271143 0.239526 0.110389 0.0724525
2 0.421939 0.186121 0.0937149 0.0507939
2 0.765507 0.200382 0.0555898 0.0482508
2 0.493102 0.125918 0.0631441 0.0330813
2 0.180525 0.151771 0.0354327 0.0368605
2 0.14657 0.181404 0.0330053 0.0391839
2 0.655026 0.208304 0.0771961 0.0401279
2 0.0221811 0.314945 0.0440827 0.0585615
2 0.644987 0.13917 0.0524275 0.0375397
2 0.125385 0.157317 0.0269217 0.0411784
2 0.584487 0.115185 0.0493681 0.029244
2 0.401909 0.0603834 0.0305856 0.0170785
2 0.466945 0.0547595 0.0286213 0.015334
2 0.839894 0.144198 0.0224503 0.0232798
2 0.721603 0.123599 0.0402735 0.0308754
7 0.535211 0.0644346 0.0466232 0.0300136
2 0.709381 0.113272 0.0276097 0.0167802
2 0.811985 0.127868 0.0211349 0.0181829
2 0.114799 0.144216 0.0250162 0.0279249
2 0.374021 0.0627018 0.0165389 0.0195246
2 0.0787677 0.501384 0.157288 0.147515
2 0.783918 0.450979 0.165454 0.141333
2 0.503263 0.289775 0.132912 0.0833435
2 0.435683 0.188219 0.094608 0.0501305
2 0.260253 0.238209 0.110101 0.0729721
2 0.493009 0.12582 0.0631763 0.0332975
2 0.7697 0.199455 0.053159 0.0466438
2 0.180508 0.151795 0.0354069 0.0368662
2 0.0151703 0.318508 0.0300693 0.0509158
2 0.146562 0.181328 0.0329527 0.0391209
2 0.583316 0.115363 0.049737 0.0289326
2 0.642659 0.139213 0.0528578 0.0373584
2 0.125352 0.157329 0.026929 0.0411994
2 0.716188 0.122058 0.0455326 0.0337437
2 0.401798 0.0603827 0.0307405 0.0170488
2 0.466966 0.0547575 0.0286887 0.0153163
2 0.664223 0.208102 0.0742979 0.0406155
2 0.837614 0.144264 0.0230976 0.0236515
2 0.810323 0.12761 0.0212242 0.0178476
7 0.53522 0.0644328 0.0466124 0.030052
2 0.114754 0.144188 0.0250044 0.027824
2 0.644068 0.193407 0.0570518 0.0237902
2 0.374014 0.0626956 0.016495 0.0195712
2 0.0787264 0.501403 0.157285 0.147528
2 0.760085 0.43389 0.164726 0.137129
2 0.488911 0.283927 0.130623 0.0812847
2 0.449315 0.189957 0.0960159 0.0503049
2 0.249523 0.238752 0.108933 0.0704292
2 0.492919 0.12588 0.0629375 0.0331845
2 0.773686 0.198564 0.0519632 0.0465474
2 0.180502 0.151854 0.0353024 0.0366729
2 0.146583 0.181307 0.0330172 0.0390003
2 0.582071 0.115508 0.0497429 0.0295949
2 0.715072 0.123045 0.0423918 0.0317682
2 0.125357 0.157373 0.0268981 0.041195
2 0.40184 0.0604051 0.0308492 0.0170241
2 0.466958 0.0547675 0.0286833 0.0153175
2 0.641471 0.139024 0.0517812 0.0386493
2 0.808529 0.127281 0.0216404 0.0177342
2 0.673263 0.208448 0.073336 0.03938
7 0.535241 0.0644209 0.0466663 0.0300239
2 0.11484 0.144132 0.0249716 0.0276634
2 0.704458 0.112296 0.0299587 0.0158797
2 0.835426 0.144403 0.0199945 0.0232614
2 0.00794725 0.323051 0.0157374 0.042385
2 0.374268 0.0627061 0.0160071 0.0195936
2 0.0787375 0.501406 0.1573 0.147499
2 0.737526 0.417353 0.163602 0.13395
2 0.475282 0.27958 0.129178 0.0800144
2 0.463183 0.191569 0.0973852 0.0500263
2 0.238717 0.239101 0.107208 0.0689633
2 0.493032 0.125813 0.0631915 0.0333274
2 0.777405 0.197637 0.0506619 0.044888
2 0.180477 0.151858 0.0352884 0.0366594
2 0.146593 0.181347 0.0329795 0.0391455
2 0.675923 0.205072 0.0824459 0.0457019
2 0.63903 0.139614 0.0526688 0.0382736
2 0.125314 0.157365 0.0268378 0.0411998
2 0.402002 0.060395 0.0309804 0.0169876
2 0.466967 0.054774 0.0286509 0.0152982
2 0.580905 0.115583 0.0497876 0.0289545
2 0.806744 0.126979 0.0215075 0.0186137
2 0.711827 0.123356 0.0419764 0.031109
7 0.535232 0.0643746 0.0466545 0.0300153
2 0.834512 0.143912 0.0196493 0.0235035
2 0.114817 0.144091 0.0248726 0.0275925
2 0.702304 0.112471 0.0307014 0.0177281
2 0.0787487 0.501362 0.157323 0.147492
2 0.715968 0.401783 0.161257 0.130091
2 0.46199 0.274792 0.126867 0.078238
2 0.227673 0.23939 0.106344 0.0692679
2 0.47699 0.192894 0.0982604 0.0506416
2 0.493077 0.125756 0.0632706 0.0335006
2 0.180468 0.151828 0.0352937 0.0367161
2 0.146579 0.18133 0.0329997 0.039128
2 0.7814 0.196496 0.0485611 0.0438316
2 0.685014 0.205341 0.080196 0.0454032
2 0.579784 0.115441 0.0507311 0.0293478
2 0.708977 0.123235 0.0436634 0.0318087
2 0.125361 0.157358 0.0267939 0.0410901
2 0.637608 0.139231 0.0530166 0.0387656
2 0.402034 0.0603906 0.0310643 0.0169246
2 0.46697 0.0547846 0.0286626 0.0152685
2 0.80507 0.126537 0.0221959 0.0183764
7 0.535253 0.0644045 0.0466797 0.029996
2 0.114818 0.144057 0.0248042 0.0275331
2 0.83256 0.143321 0.0212278 0.0241667
2 0.698606 0.111189 0.0293772 0.0180418
2 0.374009 0.0626126 0.0165742 0.0197133
2 0.0789132 0.501757 0.157735 0.147986
2 0.694045 0.386698 0.15945 0.12398
2 0.448983 0.27053 0.12522 0.0761341
2 0.216236 0.239976 0.105801 0.0696837
2 0.49122 0.19435 0.0996235 0.0507905
2 0.492716 0.125845 0.0625628 0.0333635
2 0.786076 0.195376 0.0470314 0.0433967
2 0.146652 0.181669 0.0328314 0.0392241
2 0.180596 0.152221 0.035455 0.0359248
2 0.692517 0.205179 0.0769188 0.0445173
2 0.578498 0.115261 0.0502836 0.0295233
2 0.704869 0.121509 0.0444491 0.035111
2 0.125713 0.157378 0.0275317 0.0405052
2 0.466472 0.0547564 0.0296892 0.0154635
2 0.401809 0.0605878 0.0307317 0.0163518
2 0.635731 0.139364 0.0545676 0.0392934
2 0.803565 0.126704 0.0223059 0.0187815
7 0.53529 0.0645251 0.0465832 0.0304458
2 0.114749 0.143966 0.0256707 0.0276762
2 0.830597 0.143308 0.0208591 0.0248146
2 0.078913 0.501806 0.157743 0.147996
2 0.673463 0.373009 0.156271 0.117819
2 0.435557 0.265952 0.122435 0.0756501
2 0.205218 0.241157 0.104169 0.0696318
2 0.5059 0.196403 0.10031 0.0503023
2 0.492743 0.12587 0.0624949 0.033199
2 0.78925 0.194989 0.0458192 0.0430718
2 0.180591 0.152223 0.0354403 0.0359157
2 0.146683 0.181475 0.0328707 0.038892
2 0.700161 0.205109 0.0753901 0.0441455
2 0.701978 0.12136 0.0452782 0.035319
2 0.125648 0.157359 0.0274303 0.0405417
2 0.633526 0.139444 0.054691 0.039896
2 0.466414 0.0547907 0.0297525 0.015498
2 0.577515 0.115559 0.0510773 0.0292724
2 0.401764 0.0605949 0.0306539 0.0163233
2 0.802116 0.126047 0.021497 0.0183384
7 0.535367 0.0645677 0.046637 0.030554
2 0.828315 0.142689 0.0224493 0.0250551
2 0.114749 0.143964 0.0256692 0.0276505
2 0.00424743 0.179889 0.00849486 0.0178444
2 0.0789262 0.501794 0.15777 0.148088
2 0.654023 0.36047 0.154627 0.112246
2 0.422017 0.262837 0.121248 0.0741952
2 0.193652 0.242608 0.10392 0.0719349
2 0.520119 0.197908 0.100033 0.0499974
2 0.492763 0.125872 0.0625942 0.0331059
2 0.180581 0.152231 0.0354235 0.0359468
2 0.707796 0.20513 0.0716387 0.043053
2 0.146685 0.181492 0.0328735 0.0389046
2 0.793319 0.194227 0.0443672 0.0420823
2 0.698897 0.120343 0.0454543 0.0378309
2 0.1256 0.157243 0.0274104 0.040696
2 0.576611 0.115703 0.0511062 0.0294214
2 0.632182 0.139702 0.0550642 0.0396894
2 0.40175 0.0606432 0.0305325 0.016297
2 0.466391 0.0548082 0.0298121 0.0154584
2 0.82699 0.14235 0.0223564 0.0249625
2 0.800613 0.126451 0.0220409 0.0183514
7 0.535365 0.0645921 0.0466267 0.0305715
2 0.114784 0.144131 0.026076 0.0279769
2 0.0789333 0.501767 0.157744 0.148176
2 0.635046 0.348268 0.150989 0.10721
2 0.409471 0.260078 0.119081 0.0722537
2 0.534611 0.199257 0.0998682 0.0516461
2 0.492787 0.125792 0.0624022 0.0331613
2 0.182324 0.244461 0.101129 0.0733922
2 0.79691 0.193392 0.0437037 0.04145
2 0.630561 0.139895 0.0540562 0.0390465
2 0.180567 0.152255 0.0354319 0.0359525
2 0.715325 0.204777 0.0698315 0.0434293
2 0.146703 0.181503 0.0328534 0.0389541
2 0.696047 0.121447 0.0453419 0.035755
2 0.125559 0.157219 0.0273582 0.0407453
2 0.40178 0.0606568 0.0305023 0.0162862
2 0.575941 0.115727 0.0506843 0.0297773
2 0.466419 0.0548043 0.0297461 0.0154715
7 0.535399 0.0646064 0.0465718 0.0306227
2 0.824354 0.142186 0.0250458 0.026542
2 0.798784 0.126115 0.0225563 0.0181284
2 0.11484 0.144125 0.0261689 0.028025
2 0.00454758 0.176429 0.00904365 0.0191412
2 0.374275 0.0628319 0.0158339 0.0196237
2 0.0788097 0.501645 0.157422 0.147622
2 0.61641 0.336606 0.148031 0.102831
2 0.395972 0.257291 0.117825 0.0703824
2 0.549283 0.200185 0.0991882 0.0522511
2 0.492697 0.12593 0.0627371 0.0331914
2 0.169403 0.246717 0.103327 0.0746583
2 0.800162 0.192727 0.0426893 0.0404948
2 0.146588 0.180998 0.032892 0.0382678
2 0.180476 0.151895 0.0353815 0.0367322
2 0.628426 0.140817 0.0557976 0.0377906
2 0.72187 0.204467 0.0675987 0.0434409
2 0.125502 0.15736 0.0274544 0.0408339
2 0.693054 0.123473 0.0455101 0.0308214
2 0.466323 0.0546492 0.0297647 0.015294
2 0.581874 0.117418 0.038063 0.0261155
2 0.40168 0.0605819 0.0305942 0.0162544
7 0.535442 0.0644846 0.0467665 0.0302476
2 0.114476 0.144086 0.0271384 0.0286726
2 0.567406 0.114192 0.0357413 0.0269399
2 0.823718 0.141508 0.0235928 0.0260247
2 0.0788201 0.501661 0.157416 0.147646
2 0.59854 0.326677 0.145686 0.0983607
2 0.382864 0.253949 0.116686 0.0689578
2 0.563624 0.201254 0.0984931 0.0515835
2 0.492733 0.126016 0.0628773 0.0332098
2 0.155239 0.250033 0.106907 0.0746128
2 0.80358 0.19175 0.0421789 0.039452
2 0.18049 0.151864 0.0353973 0.0367076
2 0.14661 0.180936 0.0328429 0.0381217
2 0.574635 0.115523 0.0510276 0.0300358
2 0.627507 0.140176 0.0559172 0.0394412
2 0.68962 0.123514 0.0465315 0.0308713
2 0.125498 0.15735 0.0275671 0.0408444
2 0.728254 0.204433 0.0656488 0.0419367
2 0.466317 0.0546519 0.0297896 0.015296
2 0.401733 0.0605504 0.0306511 0.0162729
7 0.535424 0.0644843 0.0466966 0.0302917
2 0.114317 0.143989 0.0268401 0.0284828
2 0.822081 0.141556 0.0240541 0.0266899
2 0.0787964 0.501643 0.157385 0.147565
2 0.580999 0.316982 0.143303 0.0955421
2 0.370034 0.252065 0.115846 0.0682241
2 0.577593 0.202751 0.0977978 0.0518663
2 0.49276 0.126065 0.0629431 0.0331535
2 0.735023 0.204171 0.0622829 0.0420892
2 0.626065 0.140166 0.0559159 0.0400706
2 0.807418 0.191258 0.0404577 0.0388843
2 0.146604 0.180788 0.032831 0.037771
2 0.180481 0.151831 0.0353334 0.0367557
2 0.686229 0.123439 0.0481967 0.031006
2 0.573898 0.115739 0.0509174 0.0305407
2 0.125451 0.15739 0.0275103 0.040791
2 0.14695 0.252781 0.0985868 0.0766147
2 0.466322 0.0546503 0.029772 0.0153033
2 0.401872 0.0606279 0.0310764 0.0160696
2 0.820261 0.141108 0.0239786 0.0268608
7 0.535425 0.0644381 0.046698 0.0302124
2 0.11436 0.144 0.0267978 0.0285337
2 0.0140559 0.170059 0.0280346 0.0218704
2 0.794617 0.125682 0.0202932 0.0172027
2 0.0788428 0.501655 0.15747 0.147618
2 0.563863 0.308994 0.140961 0.0897575
2 0.357153 0.249727 0.115009 0.067087
2 0.59114 0.203401 0.0977158 0.0516934
2 0.492743 0.126005 0.0628942 0.0332558
2 0.741032 0.203667 0.0588879 0.0411736
2 0.810821 0.1904 0.0401047 0.0381286
2 0.146588 0.180738 0.0328547 0.0376276
2 0.180487 0.151881 0.0353766 0.0366484
2 0.682956 0.123854 0.0477051 0.0309728
2 0.624155 0.140335 0.0564498 0.0402115
2 0.573405 0.11585 0.0509478 0.0303239
2 0.134623 0.255335 0.0967612 0.0772199
2 0.125344 0.157401 0.0272627 0.0408404
2 0.466324 0.0546496 0.0297707 0.0153113
2 0.401872 0.0605851 0.0310739 0.0160834
2 0.81876 0.140987 0.0254711 0.0273645
7 0.535437 0.0644443 0.0467052 0.0302336
2 0.11465 0.143916 0.0265073 0.0284198
2 0.0156509 0.167653 0.03034 0.0193469
2 0.793103 0.125619 0.0229589 0.0177279
2 0.0788434 0.501536 0.157427 0.147808
2 0.547159 0.301423 0.138908 0.087005
2 0.345471 0.248256 0.112359 0.0662
2 0.604033 0.201857 0.0968115 0.0549961
2 0.74684 0.2033 0.056785 0.0405016
2 0.622718 0.140399 0.0561987 0.0402675
2 0.492933 0.126015 0.063394 0.0331488
2 0.813928 0.189979 0.0390324 0.0367943
2 0.146522 0.180985 0.0328957 0.0381442
2 0.180487 0.151934 0.0353908 0.0366272
2 0.57322 0.115896 0.0505943 0.0304204
2 0.680195 0.12368 0.0480148 0.0312507
2 0.122735 0.259067 0.0954734 0.0785912
2 0.125275 0.157445 0.0271721 0.040814
2 0.466317 0.0546522 0.0297861 0.0153133
2 0.817267 0.140929 0.0279171 0.0281323
2 0.0170459 0.172647 0.0339606 0.0321953
2 0.401551 0.0604905 0.0304725 0.0163131
2 0.11465 0.143892 0.0266235 0.028378
7 0.535506 0.0644355 0.0468571 0.0301928
2 0.681366 0.106769 0.0284134 0.0116189
2 0.841465 0.139223 0.0208294 0.0181345
2 0.0788414 0.501573 0.157416 0.14774
2 0.531126 0.292643 0.136215 0.0847885
2 0.332983 0.246735 0.110943 0.0647519
2 0.752017 0.20294 0.054832 0.0401201
2 0.492843 0.126019 0.0631314 0.0332116
2 0.621538 0.140406 0.0564391 0.0403257
2 0.614885 0.203046 0.0995956 0.0538156
2 0.81787 0.189221 0.0378843 0.0370168
2 0.146553 0.18096 0.0327898 0.0380776
2 0.572714 0.115798 0.0508316 0.0302346
2 0.180474 0.151944 0.0353908 0.0366356
2 0.676403 0.123284 0.0495142 0.0330261
2 0.12532 0.157429 0.0272112 0.0408828
7 0.110407 0.262844 0.0943318 0.079726
2 0.816388 0.140832 0.0295341 0.0283967
2 0.466321 0.054643 0.0297694 0.0153
2 0.0194049 0.16554 0.035994 0.0215787
2 0.841057 0.138922 0.0216476 0.0185744
2 0.401572 0.0604762 0.0304603 0.0162878
2 0.114778 0.143929 0.0266794 0.0283968
2 0.535505 0.0644648 0.0471394 0.030191
2 0.00441486 0.176374 0.00877265 0.0211879
2 0.0787439 0.501956 0.157249 0.147327
2 0.51579 0.286611 0.132993 0.0811474
2 0.629232 0.205974 0.0939831 0.0489639
2 0.320352 0.245446 0.11101 0.0641508
2 0.493128 0.125909 0.0631692 0.0335322
2 0.756949 0.202112 0.0522666 0.0391719
2 0.146645 0.181156 0.0326238 0.0388886
2 0.673747 0.120454 0.0498898 0.0388375
2 0.180511 0.151676 0.0352286 0.0369467
2 0.620295 0.139834 0.0570654 0.0412706
2 0.572507 0.115695 0.0517973 0.030497
2 0.820629 0.188506 0.0368195 0.0369986
2 0.466609 0.0546584 0.0295113 0.0153647
2 0.0985053 0.266717 0.0932204 0.0817639
2 0.40174 0.0605169 0.0304419 0.0162706
2 0.12593 0.157378 0.0286915 0.0413148
2 0.812086 0.141019 0.0255392 0.0283169
2 0.0203974 0.16659 0.0390084 0.0275429
7 0.535367 0.0645861 0.0465754 0.0307259
2 0.115005 0.143997 0.0264747 0.0282419
2 0.885657 0.147034 0.00950813 0.00745144
2 0.0787581 0.501995 0.157153 0.147127
2 0.500026 0.280871 0.131432 0.0790221
2 0.307644 0.244334 0.11022 0.0630809
2 0.640235 0.206388 0.0940559 0.049174
2 0.493138 0.125872 0.0632853 0.0336076
7 0.0855208 0.271985 0.0928329 0.0829585
2 0.762135 0.201263 0.0498006 0.0387421
2 0.146677 0.181314 0.0326451 0.0391684
2 0.180481 0.151693 0.0352495 0.036999
2 0.823892 0.187643 0.0361711 0.0374443
2 0.618982 0.140245 0.0575781 0.0418461
2 0.572241 0.11554 0.0512922 0.0309661
2 0.670852 0.121137 0.0509424 0.0374949
2 0.46658 0.0546665 0.0295106 0.0153829
2 0.810123 0.140072 0.024356 0.0276615
2 0.401874 0.0604483 0.0311588 0.016499
2 0.0271628 0.164195 0.0306683 0.0248909
2 0.125875 0.157525 0.0287929 0.0413052
7 0.535374 0.0645972 0.0466391 0.0306227
2 0.114926 0.143903 0.0268774 0.0283842
2 0.0787608 0.501876 0.157177 0.147231
2 0.484916 0.27549 0.128984 0.0764283
2 0.296663 0.243752 0.107392 0.0619235
2 0.651886 0.206818 0.0910137 0.0480188
2 0.493145 0.125796 0.0632644 0.0335417
2 0.766564 0.2005 0.0488514 0.0385029
2 0.146586 0.181216 0.0328853 0.039054
2 0.180496 0.151672 0.0352179 0.0370191
2 0.617752 0.140355 0.0588316 0.0420507
2 0.667498 0.120795 0.0514369 0.0385955
2 0.028581 0.163944 0.032957 0.0249992
2 0.826425 0.187421 0.0353416 0.0362647
7 0.0792444 0.276142 0.101111 0.0828863
2 0.571765 0.115795 0.0515457 0.0300712
2 0.466587 0.054659 0.029505 0.0153886
2 0.126133 0.157283 0.029006 0.0413399
2 0.80835 0.14025 0.0250422 0.0287299
2 0.402074 0.0604129 0.0311745 0.0163232
7 0.535385 0.0645822 0.0466103 0.0306268
2 0.114832 0.143771 0.0260339 0.028172
2 0.078771 0.501771 0.15723 0.147219
2 0.470308 0.270676 0.127409 0.0756807
2 0.28424 0.242514 0.107048 0.0609041
2 0.66254 0.20674 0.0882364 0.0474344
2 0.493311 0.125825 0.0636337 0.0334484
2 0.771374 0.199593 0.0466535 0.0381085
2 0.146626 0.181261 0.0328346 0.0390625
2 0.180498 0.151666 0.0352113 0.0370483
2 0.616922 0.140025 0.0582315 0.0420992
2 0.829308 0.186645 0.0344999 0.034816
2 0.0307439 0.163056 0.0349798 0.0252628
2 0.571814 0.115716 0.051456 0.030957
2 0.663854 0.122231 0.0522358 0.036127
2 0.466586 0.054663 0.0294981 0.0153797
2 0.402059 0.0604909 0.0311367 0.0162321
2 0.12639 0.157267 0.0294764 0.0414101
2 0.806423 0.140546 0.0248737 0.0284097
7 0.0614397 0.282228 0.0886387 0.0847342
7 0.535367 0.0645947 0.0465937 0.0306435
2 0.114735 0.143744 0.0262926 0.0281689
