2 0.0505174 0.375634 0.0884371 0.104682
2 0.185401 0.342824 0.0981966 0.088317
7 0.694316 0.349649 0.0777304 0.140121
2 0.652543 0.200148 0.0558638 0.0524538
7 0.27712 0.221805 0.0526933 0.05623
2 0.755075 0.178613 0.04072 0.042064
2 0.826599 0.167037 0.0277857 0.0323572
2 0.786234 0.158263 0.0304327 0.0318432
2 0.142196 0.221403 0.0344617 0.0301826
2 0.85546 0.164202 0.0222347 0.0277435
7 0.467979 0.292131 0.132184 0.15056
7 0.936447 0.235831 0.0253338 0.0408471
2 0.578363 0.103609 0.00608301 0.00583191
