2 0.078916 0.501403 0.157576 0.147219
2 0.779865 0.458061 0.169212 0.144591
2 0.446701 0.273375 0.137931 0.0911611
2 0.209128 0.248097 0.0997036 0.0599441
2 0.657603 0.20417 0.101272 0.057371
2 0.470882 0.190161 0.0956458 0.0499189
2 0.27738 0.166107 0.0558748 0.039394
2 0.492859 0.125926 0.0626223 0.0329348
2 0.146526 0.181352 0.0330881 0.0389941
2 0.180476 0.152173 0.0357353 0.036077
2 0.681219 0.137442 0.0470907 0.034151
2 0.614827 0.114251 0.0453533 0.0277911
2 0.125333 0.157476 0.0268928 0.0408795
2 0.765794 0.127718 0.0323637 0.0252677
2 0.466527 0.0546891 0.029434 0.0152999
2 0.746186 0.117614 0.0251722 0.0188825
2 0.402059 0.0605698 0.0311975 0.0167731
7 0.53523 0.0646255 0.0463991 0.0304051
2 0.115009 0.143964 0.0254167 0.0271781
